Round 256:
Group 1 Got Member: 40	45	47	4	10	31	52	
Representation node count: 5
3.296	3.209	3.327	3.275	3.408	3.358	3.400	
40, 45, 	3.209	3.296	0.715	0.715	4.180	4.236	4.125
40, 45, 47, 	3.209	3.327	0.715	0.759	4.703	4.887	4.461
40, 45, 47, 4, 	3.209	3.327	0.715	0.781	5.061	5.280	4.601
40, 45, 47, 4, 10, 	3.209	3.408	0.652	0.781	5.723	6.297	4.760
40, 45, 47, 4, 10, 31, 	3.209	3.408	0.652	0.781	6.024	6.542	4.857
40, 45, 47, 4, 10, 31, 52, 	3.209	3.408	0.600	0.781	6.350	7.412	4.916
1.000	0.715	0.749	0.760	0.673	0.695	0.635	
0.715	1.000	0.759	0.736	0.690	0.743	0.666	
0.749	0.759	1.000	0.781	0.652	0.736	0.694	
0.760	0.736	0.781	1.000	0.705	0.733	0.673	
0.673	0.690	0.652	0.705	1.000	0.696	0.600	
0.695	0.743	0.736	0.733	0.696	1.000	0.684	
0.635	0.666	0.694	0.673	0.600	0.684	1.000	
Group 2 Got Member: 8	22	28	41	42	9	51	
Representation node count: 5
3.504	3.522	3.478	3.435	3.347	3.442	3.457	
8, 22, 	3.504	3.522	0.786	0.786	4.266	4.278	4.255
8, 22, 28, 	3.478	3.522	0.733	0.796	4.800	5.057	4.613
8, 22, 28, 41, 	3.435	3.522	0.718	0.796	5.233	5.563	4.810
8, 22, 28, 41, 42, 	3.347	3.522	0.700	0.796	5.706	5.998	4.835
8, 22, 28, 41, 42, 9, 	3.347	3.522	0.692	0.796	6.074	6.283	4.924
8, 22, 28, 41, 42, 9, 51, 	3.347	3.522	0.629	0.796	6.385	7.239	4.978
1.000	0.786	0.796	0.792	0.732	0.737	0.685	
0.786	1.000	0.733	0.756	0.708	0.749	0.707	
0.796	0.733	1.000	0.718	0.700	0.716	0.644	
0.792	0.756	0.718	1.000	0.722	0.740	0.683	
0.732	0.708	0.700	0.722	1.000	0.692	0.629	
0.737	0.749	0.716	0.740	0.692	1.000	0.662	
0.685	0.707	0.644	0.683	0.629	0.662	1.000	
Group 3 Got Member: 21	23	24	44	50	38	
Representation node count: 4
3.567	3.533	3.617	3.633	3.646	3.594	
21, 23, 	3.533	3.567	0.795	0.795	4.278	4.298	4.257
21, 23, 24, 	3.533	3.617	0.765	0.795	4.903	4.992	4.694
21, 23, 24, 44, 	3.533	3.633	0.757	0.795	5.340	5.406	4.957
21, 23, 24, 44, 50, 	3.533	3.646	0.704	0.795	5.820	6.168	5.115
21, 23, 24, 44, 50, 38, 	3.533	3.646	0.673	0.795	6.152	6.735	5.211
1.000	0.795	0.766	0.768	0.731	0.719	
0.795	1.000	0.765	0.771	0.724	0.735	
0.766	0.765	1.000	0.757	0.761	0.747	
0.768	0.771	0.757	1.000	0.704	0.722	
0.731	0.724	0.761	0.704	1.000	0.673	
0.719	0.735	0.747	0.722	0.673	1.000	
Group 4 Got Member: 6	25	29	30	32	35	37	54	
Representation node count: 5
3.958	3.833	3.906	3.910	3.962	3.928	3.953	3.952	
6, 25, 	3.833	3.958	0.788	0.788	4.721	4.797	4.645
6, 25, 29, 	3.833	3.958	0.774	0.796	5.267	5.397	5.085
6, 25, 29, 30, 	3.833	3.958	0.774	0.819	5.586	5.733	5.175
6, 25, 29, 30, 32, 	3.833	3.962	0.737	0.819	5.998	6.343	5.317
6, 25, 29, 30, 32, 35, 	3.833	3.962	0.737	0.819	6.249	6.510	5.401
6, 25, 29, 30, 32, 35, 37, 	3.833	3.962	0.710	0.819	6.521	6.964	5.451
6, 25, 29, 30, 32, 35, 37, 54, 	3.833	3.962	0.710	0.819	6.711	7.047	5.480
1.000	0.788	0.774	0.782	0.737	0.765	0.772	0.757	
0.788	1.000	0.796	0.812	0.737	0.759	0.782	0.757	
0.774	0.796	1.000	0.819	0.754	0.741	0.797	0.787	
0.782	0.812	0.819	1.000	0.749	0.760	0.803	0.784	
0.737	0.737	0.754	0.749	1.000	0.777	0.710	0.744	
0.765	0.759	0.741	0.760	0.777	1.000	0.733	0.745	
0.772	0.782	0.797	0.803	0.710	0.733	1.000	0.759	
0.757	0.757	0.787	0.784	0.744	0.745	0.759	1.000	
Group 5 Got Member: 1	2	5	13	26	27	33	43	
Representation node count: 4
4.021	4.036	4.021	4.013	4.097	4.063	4.073	4.042	
1, 2, 	4.021	4.036	0.770	0.770	4.955	4.964	4.946
1, 2, 5, 	4.021	4.036	0.770	1.000	4.955	5.535	4.021
1, 2, 5, 13, 	4.013	4.036	0.761	1.000	5.530	5.965	4.013
1, 2, 5, 13, 26, 	4.013	4.097	0.744	1.000	5.948	6.484	4.013
1, 2, 5, 13, 26, 27, 	4.013	4.097	0.744	1.000	6.270	6.647	4.013
1, 2, 5, 13, 26, 27, 33, 	4.013	4.097	0.744	1.000	6.639	6.750	4.013
1, 2, 5, 13, 26, 27, 33, 43, 	4.013	4.097	0.744	1.000	6.823	6.815	4.013
1.000	0.770	1.000	0.765	0.789	0.782	0.768	0.821	
0.770	1.000	0.770	0.761	0.775	0.762	0.747	0.760	
1.000	0.770	1.000	0.765	0.789	0.782	0.768	0.821	
0.765	0.761	0.765	1.000	0.744	0.780	0.760	0.748	
0.789	0.775	0.789	0.744	1.000	0.809	0.774	0.776	
0.782	0.762	0.782	0.780	0.809	1.000	0.786	0.785	
0.768	0.747	0.768	0.760	0.774	0.786	1.000	0.775	
0.821	0.760	0.821	0.748	0.776	0.785	0.775	1.000	
Group 6 Got Member: 12	14	19	11	17	16	
Representation node count: 5
4.377	4.343	4.350	4.318	4.246	4.226	
12, 14, 	4.343	4.377	0.702	0.702	5.660	5.682	5.639
12, 14, 19, 	4.343	4.377	0.702	0.750	6.190	6.529	6.104
12, 14, 19, 11, 	4.318	4.377	0.661	0.750	6.631	7.520	6.490
12, 14, 19, 11, 17, 	4.246	4.377	0.601	0.750	7.197	8.802	6.639
12, 14, 19, 11, 17, 16, 	4.226	4.377	0.593	0.750	7.428	9.357	6.769
1.000	0.702	0.725	0.661	0.618	0.655	
0.702	1.000	0.750	0.731	0.628	0.733	
0.725	0.750	1.000	0.728	0.628	0.686	
0.661	0.731	0.728	1.000	0.601	0.653	
0.618	0.628	0.628	0.601	1.000	0.593	
0.655	0.733	0.686	0.653	0.593	1.000	
Group 7 Got Member: 49	48	53	46	7	39	
Representation node count: 0
5.374	3.009	3.778	3.126	3.026	4.016	
49, 48, 	3.009	5.374	0.665	0.665	5.594	7.173	4.016
49, 48, 53, 	3.009	5.374	0.665	0.713	6.038	8.373	4.429
49, 48, 53, 46, 	3.009	5.374	0.662	0.730	6.278	9.214	4.664
49, 48, 53, 46, 7, 	3.009	5.374	0.631	0.756	6.525	10.276	4.661
49, 48, 53, 46, 7, 39, 	3.009	5.374	0.606	0.756	6.771	11.216	4.771
1.000	0.665	0.713	0.662	0.631	0.752	
0.665	1.000	0.686	0.730	0.713	0.649	
0.713	0.686	1.000	0.694	0.668	0.661	
0.662	0.730	0.694	1.000	0.756	0.648	
0.631	0.713	0.668	0.756	1.000	0.606	
0.752	0.649	0.661	0.648	0.606	1.000	
Group 8 Got Member: 3	36	34	15	18	20	
Representation node count: 0
3.670	5.060	4.500	5.024	3.690	4.461	
3, 36, 	3.670	5.060	0.708	0.708	5.641	6.539	4.743
3, 36, 34, 	3.670	5.060	0.695	0.721	6.261	7.606	5.347
3, 36, 34, 15, 	3.670	5.060	0.686	0.744	6.897	8.382	5.571
3, 36, 34, 15, 18, 	3.670	5.060	0.681	0.749	7.021	8.897	5.750
3, 36, 34, 15, 18, 20, 	3.670	5.060	0.681	0.752	7.250	9.201	5.863
1.000	0.708	0.695	0.716	0.749	0.740	
0.708	1.000	0.721	0.744	0.691	0.749	
0.695	0.721	1.000	0.686	0.707	0.685	
0.716	0.744	0.686	1.000	0.681	0.715	
0.749	0.691	0.707	0.681	1.000	0.752	
0.740	0.749	0.685	0.715	0.752	1.000	
Round 512:
Group 1 Got Member: 28	31	45	47	48	51	52	
Representation node count: 4
3.199	3.036	3.192	3.158	3.188	3.205	3.155	
28, 31, 	3.036	3.199	0.739	0.739	3.930	4.033	3.827
28, 31, 45, 	3.036	3.199	0.717	0.748	4.537	4.683	4.279
28, 31, 45, 47, 	3.036	3.199	0.717	0.775	4.956	5.055	4.392
28, 31, 45, 47, 48, 	3.036	3.199	0.717	0.775	5.249	5.294	4.549
28, 31, 45, 47, 48, 51, 	3.036	3.205	0.702	0.775	5.582	5.616	4.645
28, 31, 45, 47, 48, 51, 52, 	3.036	3.205	0.702	0.883	5.745	5.726	3.816
1.000	0.739	0.748	0.723	0.729	0.702	0.710	
0.739	1.000	0.717	0.775	0.758	0.704	0.781	
0.748	0.717	1.000	0.737	0.753	0.736	0.731	
0.723	0.775	0.737	1.000	0.745	0.724	0.883	
0.729	0.758	0.753	0.745	1.000	0.735	0.738	
0.702	0.704	0.736	0.724	0.735	1.000	0.721	
0.710	0.781	0.731	0.883	0.738	0.721	1.000	
Group 2 Got Member: 18	21	24	40	46	25	
Representation node count: 4
3.286	3.356	3.237	3.357	3.312	3.160	
18, 21, 	3.286	3.356	0.796	0.796	4.000	4.042	3.958
18, 21, 24, 	3.237	3.356	0.796	0.841	4.332	4.455	4.051
18, 21, 24, 40, 	3.237	3.357	0.718	0.841	4.955	5.298	4.224
18, 21, 24, 40, 46, 	3.237	3.357	0.718	0.849	5.211	5.547	4.262
18, 21, 24, 40, 46, 25, 	3.160	3.357	0.694	0.849	5.619	5.961	4.212
1.000	0.796	0.841	0.755	0.849	0.727	
0.796	1.000	0.800	0.718	0.749	0.733	
0.841	0.800	1.000	0.733	0.818	0.738	
0.755	0.718	0.733	1.000	0.742	0.694	
0.849	0.749	0.818	0.742	1.000	0.737	
0.727	0.733	0.738	0.694	0.737	1.000	
Group 3 Got Member: 6	16	29	30	37	14	
Representation node count: 4
5.070	5.105	5.133	5.121	5.135	4.961	
6, 16, 	5.070	5.105	0.773	0.773	6.241	6.263	6.220
6, 16, 29, 	5.070	5.133	0.741	0.773	6.936	7.298	6.925
6, 16, 29, 30, 	5.070	5.133	0.730	0.876	7.182	7.954	6.252
6, 16, 29, 30, 37, 	5.070	5.135	0.730	0.991	7.182	8.311	5.153
6, 16, 29, 30, 37, 14, 	4.961	5.135	0.687	0.991	7.566	9.242	5.045
1.000	0.773	0.759	0.764	0.764	0.704	
0.773	1.000	0.741	0.730	0.742	0.687	
0.759	0.741	1.000	0.876	0.991	0.726	
0.764	0.730	0.876	1.000	0.880	0.729	
0.764	0.742	0.991	0.880	1.000	0.727	
0.704	0.687	0.726	0.729	0.727	1.000	
Group 4 Got Member: 2	5	12	32	33	1	
Representation node count: 4
5.555	5.510	5.552	5.577	5.613	5.654	
2, 5, 	5.510	5.555	0.794	0.794	6.673	6.700	6.646
2, 5, 12, 	5.510	5.555	0.794	0.812	7.121	7.391	7.165
2, 5, 12, 32, 	5.510	5.577	0.728	0.812	7.581	8.677	7.531
2, 5, 12, 32, 33, 	5.510	5.613	0.728	0.817	7.772	9.126	7.676
2, 5, 12, 32, 33, 1, 	5.510	5.654	0.685	0.817	7.906	10.209	7.799
1.000	0.794	0.808	0.737	0.793	0.730	
0.794	1.000	0.812	0.728	0.784	0.773	
0.808	0.812	1.000	0.769	0.817	0.740	
0.737	0.728	0.769	1.000	0.728	0.685	
0.793	0.784	0.817	0.728	1.000	0.721	
0.730	0.773	0.740	0.685	0.721	1.000	
Group 5 Got Member: 50	49	53	54	8	9	7	10	44	4	11	43	3	39	
Representation node count: 0
4.757	4.662	3.756	1.611	3.494	3.540	2.925	2.887	4.015	3.429	2.495	3.542	4.078	4.991	
50, 49, 	4.662	4.757	0.741	0.741	5.929	5.989	5.868
50, 49, 53, 	3.756	4.757	0.661	0.741	6.447	7.447	5.340
50, 49, 53, 54, 	1.611	4.757	0.454	0.741	6.474	10.908	2.455
50, 49, 53, 54, 8, 	1.611	4.757	0.401	0.741	7.086	13.173	2.559
50, 49, 53, 54, 8, 9, 	1.611	4.757	0.401	0.741	7.315	14.340	2.624
50, 49, 53, 54, 8, 9, 7, 	1.611	4.757	0.401	0.741	7.367	15.273	2.665
50, 49, 53, 54, 8, 9, 7, 10, 	1.611	4.757	0.322	0.741	7.478	18.917	2.691
50, 49, 53, 54, 8, 9, 7, 10, 44, 	1.611	4.757	0.322	0.741	7.585	19.860	2.708
50, 49, 53, 54, 8, 9, 7, 10, 44, 4, 	1.611	4.757	0.322	0.741	7.717	20.650	2.718
50, 49, 53, 54, 8, 9, 7, 10, 44, 4, 11, 	1.611	4.757	0.247	0.741	7.745	25.987	2.724
50, 49, 53, 54, 8, 9, 7, 10, 44, 4, 11, 43, 	1.611	4.757	0.247	0.741	7.871	26.944	2.728
50, 49, 53, 54, 8, 9, 7, 10, 44, 4, 11, 43, 3, 	1.611	4.757	0.247	0.741	7.903	27.783	2.731
50, 49, 53, 54, 8, 9, 7, 10, 44, 4, 11, 43, 3, 39, 	1.611	4.991	0.247	0.741	7.984	29.921	2.733
1.000	0.741	0.667	0.491	0.570	0.618	0.639	0.535	0.683	0.553	0.533	0.446	0.706	0.615	
0.741	1.000	0.661	0.454	0.568	0.614	0.630	0.496	0.674	0.554	0.532	0.488	0.700	0.651	
0.667	0.661	1.000	0.488	0.528	0.554	0.578	0.530	0.598	0.544	0.472	0.444	0.623	0.544	
0.491	0.454	0.488	1.000	0.401	0.449	0.533	0.322	0.379	0.412	0.247	0.253	0.470	0.259	
0.570	0.568	0.528	0.401	1.000	0.613	0.615	0.467	0.570	0.563	0.525	0.459	0.559	0.515	
0.618	0.614	0.554	0.449	0.613	1.000	0.681	0.521	0.591	0.588	0.595	0.495	0.611	0.562	
0.639	0.630	0.578	0.533	0.615	0.681	1.000	0.584	0.612	0.660	0.626	0.492	0.614	0.550	
0.535	0.496	0.530	0.322	0.467	0.521	0.584	1.000	0.493	0.514	0.490	0.416	0.475	0.498	
0.683	0.674	0.598	0.379	0.570	0.591	0.612	0.493	1.000	0.583	0.517	0.476	0.680	0.581	
0.553	0.554	0.544	0.412	0.563	0.588	0.660	0.514	0.583	1.000	0.500	0.456	0.541	0.473	
0.533	0.532	0.472	0.247	0.525	0.595	0.626	0.490	0.517	0.500	1.000	0.440	0.533	0.483	
0.446	0.488	0.444	0.253	0.459	0.495	0.492	0.416	0.476	0.456	0.440	1.000	0.474	0.540	
0.706	0.700	0.623	0.470	0.559	0.611	0.614	0.475	0.680	0.541	0.533	0.474	1.000	0.580	
0.615	0.651	0.544	0.259	0.515	0.562	0.550	0.498	0.581	0.473	0.483	0.540	0.580	1.000	
Group 6 Got Member: 13	42	41	35	38	36	15	34	19	17	27	23	20	22	26	
Representation node count: 0
-0.000	3.369	2.945	5.847	2.817	4.703	4.601	5.254	4.831	4.263	4.053	3.574	3.088	3.376	4.040	
13, 42, 	-0.000	3.369	0.000	0.000	3.369	-nan	-nan
13, 42, 41, 	-0.000	3.369	0.000	0.517	4.682	-nan	-0.000
13, 42, 41, 35, 	-0.000	5.847	0.000	0.544	6.993	-nan	-0.000
13, 42, 41, 35, 38, 	-0.000	5.847	0.000	0.544	7.447	-nan	-0.000
13, 42, 41, 35, 38, 36, 	-0.000	5.847	0.000	0.626	7.770	-nan	-0.000
13, 42, 41, 35, 38, 36, 15, 	-0.000	5.847	0.000	0.640	7.880	-nan	-0.000
13, 42, 41, 35, 38, 36, 15, 34, 	-0.000	5.847	0.000	0.711	7.930	-nan	-0.000
13, 42, 41, 35, 38, 36, 15, 34, 19, 	-0.000	5.847	0.000	0.711	7.945	-nan	-0.000
13, 42, 41, 35, 38, 36, 15, 34, 19, 17, 	-0.000	5.847	0.000	0.711	7.969	-nan	-0.000
13, 42, 41, 35, 38, 36, 15, 34, 19, 17, 27, 	-0.000	5.847	0.000	0.711	7.984	-nan	-0.000
13, 42, 41, 35, 38, 36, 15, 34, 19, 17, 27, 23, 	-0.000	5.847	0.000	0.711	7.992	-nan	-0.000
13, 42, 41, 35, 38, 36, 15, 34, 19, 17, 27, 23, 20, 	-0.000	5.847	0.000	0.711	7.992	-nan	-0.000
13, 42, 41, 35, 38, 36, 15, 34, 19, 17, 27, 23, 20, 22, 	-0.000	5.847	0.000	0.767	7.992	-nan	-0.000
13, 42, 41, 35, 38, 36, 15, 34, 19, 17, 27, 23, 20, 22, 26, 	-0.000	5.847	0.000	0.829	7.992	-nan	-0.000
-nan	0.000	0.000	0.000	0.000	0.000	0.000	0.000	0.000	0.000	0.000	0.000	0.000	0.000	0.000	
0.000	1.000	0.517	0.544	0.434	0.480	0.565	0.545	0.617	0.506	0.597	0.618	0.402	0.662	0.593	
0.000	0.517	1.000	0.501	0.367	0.453	0.499	0.489	0.569	0.524	0.591	0.605	0.397	0.670	0.583	
0.000	0.544	0.501	1.000	0.427	0.626	0.640	0.711	0.678	0.631	0.627	0.580	0.498	0.594	0.619	
0.000	0.434	0.367	0.427	1.000	0.377	0.385	0.418	0.445	0.382	0.454	0.497	0.284	0.492	0.435	
0.000	0.480	0.453	0.626	0.377	1.000	0.596	0.601	0.637	0.536	0.571	0.536	0.440	0.581	0.589	
0.000	0.565	0.499	0.640	0.385	0.596	1.000	0.634	0.675	0.569	0.586	0.595	0.466	0.624	0.592	
0.000	0.545	0.489	0.711	0.418	0.601	0.634	1.000	0.668	0.593	0.645	0.566	0.476	0.574	0.647	
0.000	0.617	0.569	0.678	0.445	0.637	0.675	0.668	1.000	0.549	0.676	0.642	0.570	0.667	0.689	
0.000	0.506	0.524	0.631	0.382	0.536	0.569	0.593	0.549	1.000	0.508	0.549	0.395	0.595	0.516	
0.000	0.597	0.591	0.627	0.454	0.571	0.586	0.645	0.676	0.508	1.000	0.657	0.551	0.654	0.829	
0.000	0.618	0.605	0.580	0.497	0.536	0.595	0.566	0.642	0.549	0.657	1.000	0.473	0.767	0.665	
0.000	0.402	0.397	0.498	0.284	0.440	0.466	0.476	0.570	0.395	0.551	0.473	1.000	0.517	0.550	
0.000	0.662	0.670	0.594	0.492	0.581	0.624	0.574	0.667	0.595	0.654	0.767	0.517	1.000	0.667	
0.000	0.593	0.583	0.619	0.435	0.589	0.592	0.647	0.689	0.516	0.829	0.665	0.550	0.667	1.000	
Round 768:
Group 1 Got Member: 22	52	5	18	12	20	
Representation node count: 5
4.293	4.181	4.136	4.241	4.144	4.263	
22, 52, 	4.181	4.293	0.717	0.717	5.437	5.508	5.365
22, 52, 5, 	4.136	4.293	0.616	0.717	6.393	7.083	6.058
22, 52, 5, 18, 	4.136	4.293	0.616	0.788	6.840	7.873	5.869
22, 52, 5, 18, 12, 	4.136	4.293	0.575	0.788	7.290	8.999	6.065
22, 52, 5, 18, 12, 20, 	4.136	4.293	0.570	0.788	7.502	9.561	6.184
1.000	0.717	0.665	0.788	0.617	0.570	
0.717	1.000	0.616	0.680	0.592	0.610	
0.665	0.616	1.000	0.618	0.575	0.609	
0.788	0.680	0.618	1.000	0.648	0.572	
0.617	0.592	0.575	0.648	1.000	0.635	
0.570	0.610	0.609	0.572	0.635	1.000	
Group 2 Got Member: 10	11	15	34	36	2	
Representation node count: 4
4.780	4.766	4.717	4.661	4.654	4.629	
10, 11, 	4.766	4.780	0.818	0.818	5.639	5.648	5.631
10, 11, 15, 	4.717	4.780	0.785	0.818	6.222	6.429	6.080
10, 11, 15, 34, 	4.661	4.780	0.737	0.818	6.707	7.332	6.302
10, 11, 15, 34, 36, 	4.654	4.780	0.737	0.818	6.986	7.649	6.466
10, 11, 15, 34, 36, 2, 	4.629	4.780	0.658	0.818	7.486	9.070	6.535
1.000	0.818	0.785	0.762	0.790	0.709	
0.818	1.000	0.794	0.777	0.793	0.665	
0.785	0.794	1.000	0.737	0.758	0.658	
0.762	0.777	0.737	1.000	0.769	0.664	
0.790	0.793	0.758	0.769	1.000	0.680	
0.709	0.665	0.658	0.664	0.680	1.000	
Group 3 Got Member: 3	35	49	14	30	26	
Representation node count: 5
4.971	4.963	4.933	4.931	4.907	4.975	
3, 35, 	4.963	4.971	0.719	0.719	6.361	6.366	6.355
3, 35, 49, 	4.933	4.971	0.719	0.804	6.690	7.259	6.475
3, 35, 49, 14, 	4.931	4.971	0.632	0.804	7.332	8.910	6.818
3, 35, 49, 14, 30, 	4.907	4.971	0.632	0.804	7.615	9.496	6.989
3, 35, 49, 14, 30, 26, 	4.907	4.975	0.582	0.804	7.798	10.842	7.112
1.000	0.719	0.755	0.632	0.640	0.643	
0.719	1.000	0.804	0.687	0.677	0.639	
0.755	0.804	1.000	0.704	0.700	0.678	
0.632	0.687	0.704	1.000	0.751	0.592	
0.640	0.677	0.700	0.751	1.000	0.582	
0.643	0.639	0.678	0.592	0.582	1.000	
Group 4 Got Member: 24	27	31	33	39	48	
Representation node count: 4
5.054	5.053	5.085	5.175	5.033	4.997	
24, 27, 	5.053	5.054	0.790	0.790	6.116	6.116	6.115
24, 27, 31, 	5.053	5.085	0.790	0.836	6.482	6.801	6.368
24, 27, 31, 33, 	5.053	5.175	0.747	0.836	7.149	7.814	6.650
24, 27, 31, 33, 39, 	5.033	5.175	0.742	0.836	7.462	8.211	6.787
24, 27, 31, 33, 39, 48, 	4.997	5.175	0.732	0.836	7.564	8.582	6.832
1.000	0.790	0.836	0.752	0.742	0.813	
0.790	1.000	0.811	0.747	0.746	0.774	
0.836	0.811	1.000	0.781	0.767	0.822	
0.752	0.747	0.781	1.000	0.794	0.745	
0.742	0.746	0.767	0.794	1.000	0.732	
0.813	0.774	0.822	0.745	0.732	1.000	
Group 5 Got Member: 13	28	40	43	44	50	
Representation node count: 4
5.220	5.410	5.212	5.296	5.301	5.236	
13, 28, 	5.220	5.410	0.782	0.782	6.475	6.591	6.359
13, 28, 40, 	5.212	5.410	0.773	0.861	6.914	7.392	6.345
13, 28, 40, 43, 	5.212	5.410	0.773	0.867	7.160	7.855	6.516
13, 28, 40, 43, 44, 	5.212	5.410	0.752	0.867	7.513	8.439	6.641
13, 28, 40, 43, 44, 50, 	5.212	5.410	0.752	0.867	7.610	8.642	6.712
1.000	0.782	0.773	0.779	0.801	0.806	
0.782	1.000	0.861	0.867	0.752	0.764	
0.773	0.861	1.000	0.826	0.766	0.782	
0.779	0.867	0.826	1.000	0.753	0.786	
0.801	0.752	0.766	0.753	1.000	0.816	
0.806	0.764	0.782	0.786	0.816	1.000	
Group 6 Got Member: 42	41	38	45	37	46	47	1	32	4	51	6	
Representation node count: 0
5.765	5.905	5.817	0.845	5.536	3.679	4.374	4.431	4.416	3.297	3.737	3.301	
42, 41, 	5.765	5.905	0.828	0.828	6.837	6.919	6.755
42, 41, 38, 	5.765	5.905	0.773	0.828	7.474	8.071	7.335
42, 41, 38, 45, 	0.845	5.905	0.095	0.828	7.634	21.180	1.125
42, 41, 38, 45, 37, 	0.845	5.905	0.095	0.828	7.825	25.795	1.154
42, 41, 38, 45, 37, 46, 	0.845	5.905	0.091	0.828	7.864	30.410	1.171
42, 41, 38, 45, 37, 46, 47, 	0.845	5.905	0.091	0.828	7.872	34.663	1.181
42, 41, 38, 45, 37, 46, 47, 1, 	0.845	5.905	0.084	0.828	7.969	39.314	1.187
42, 41, 38, 45, 37, 46, 47, 1, 32, 	0.845	5.905	0.084	0.828	7.969	43.319	1.191
42, 41, 38, 45, 37, 46, 47, 1, 32, 4, 	0.845	5.905	0.079	0.828	7.969	47.738	1.193
42, 41, 38, 45, 37, 46, 47, 1, 32, 4, 51, 	0.845	5.905	0.079	0.828	7.977	51.513	1.194
42, 41, 38, 45, 37, 46, 47, 1, 32, 4, 51, 6, 	0.845	5.905	0.069	0.828	7.984	57.039	1.194
1.000	0.828	0.790	0.095	0.767	0.643	0.734	0.627	0.756	0.653	0.681	0.538	
0.828	1.000	0.773	0.108	0.791	0.621	0.745	0.617	0.747	0.642	0.654	0.529	
0.790	0.773	1.000	0.108	0.760	0.535	0.643	0.577	0.702	0.564	0.589	0.488	
0.095	0.108	0.108	1.000	0.124	0.091	0.108	0.084	0.091	0.079	0.091	0.069	
0.767	0.791	0.760	0.124	1.000	0.590	0.701	0.585	0.723	0.606	0.605	0.482	
0.643	0.621	0.535	0.091	0.590	1.000	0.696	0.500	0.563	0.692	0.741	0.357	
0.734	0.745	0.643	0.108	0.701	0.696	1.000	0.585	0.665	0.706	0.738	0.447	
0.627	0.617	0.577	0.084	0.585	0.500	0.585	1.000	0.580	0.504	0.548	0.348	
0.756	0.747	0.702	0.091	0.723	0.563	0.665	0.580	1.000	0.632	0.609	0.511	
0.653	0.642	0.564	0.079	0.606	0.692	0.706	0.504	0.632	1.000	0.671	0.383	
0.681	0.654	0.589	0.091	0.605	0.741	0.738	0.548	0.609	0.671	1.000	0.386	
0.538	0.529	0.488	0.069	0.482	0.357	0.447	0.348	0.511	0.383	0.386	1.000	
Group 7 Got Member: 29	53	7	8	54	9	23	25	21	19	17	16	
Representation node count: 0
4.003	5.530	3.159	3.515	4.386	3.931	3.063	6.137	4.716	3.975	2.988	2.628	
29, 53, 	4.003	5.530	0.672	0.672	6.330	7.344	5.316
29, 53, 7, 	3.159	5.530	0.576	0.672	6.638	9.538	4.883
29, 53, 7, 8, 	3.159	5.530	0.576	0.672	6.823	10.725	5.340
29, 53, 7, 8, 54, 	3.159	5.530	0.576	0.717	7.014	11.569	5.234
29, 53, 7, 8, 54, 9, 	3.159	5.530	0.576	0.735	7.127	12.170	5.208
29, 53, 7, 8, 54, 9, 23, 	3.063	5.530	0.568	0.735	7.198	12.816	5.133
29, 53, 7, 8, 54, 9, 23, 25, 	3.063	6.137	0.568	0.793	7.634	14.581	4.616
29, 53, 7, 8, 54, 9, 23, 25, 21, 	3.063	6.137	0.520	0.793	7.891	16.438	4.634
29, 53, 7, 8, 54, 9, 23, 25, 21, 19, 	3.063	6.137	0.507	0.793	7.930	17.200	4.645
29, 53, 7, 8, 54, 9, 23, 25, 21, 19, 17, 	2.988	6.137	0.462	0.793	7.945	19.406	4.538
29, 53, 7, 8, 54, 9, 23, 25, 21, 19, 17, 16, 	2.628	6.137	0.287	0.793	7.961	31.042	3.995
1.000	0.672	0.603	0.667	0.717	0.685	0.588	0.638	0.591	0.603	0.533	0.455	
0.672	1.000	0.576	0.628	0.716	0.701	0.669	0.793	0.627	0.673	0.570	0.500	
0.603	0.576	1.000	0.625	0.652	0.669	0.568	0.587	0.557	0.551	0.462	0.292	
0.667	0.628	0.625	1.000	0.707	0.724	0.644	0.621	0.559	0.612	0.546	0.382	
0.717	0.716	0.652	0.707	1.000	0.735	0.649	0.695	0.646	0.650	0.569	0.395	
0.685	0.701	0.669	0.724	0.735	1.000	0.663	0.674	0.645	0.650	0.594	0.429	
0.588	0.669	0.568	0.644	0.649	0.663	1.000	0.653	0.520	0.642	0.616	0.371	
0.638	0.793	0.587	0.621	0.695	0.674	0.653	1.000	0.633	0.682	0.560	0.462	
0.591	0.627	0.557	0.559	0.646	0.645	0.520	0.633	1.000	0.507	0.468	0.323	
0.603	0.673	0.551	0.612	0.650	0.650	0.642	0.682	0.507	1.000	0.550	0.413	
0.533	0.570	0.462	0.546	0.569	0.594	0.616	0.560	0.468	0.550	1.000	0.287	
0.455	0.500	0.292	0.382	0.395	0.429	0.371	0.462	0.323	0.413	0.287	1.000	
Round 1024:
Group 1 Got Member: 18	22	11	24	33	42	
Representation node count: 5
4.091	4.009	4.093	4.100	3.970	3.946	
18, 22, 	4.009	4.091	0.741	0.741	5.099	5.151	5.047
18, 22, 11, 	4.009	4.093	0.645	0.741	6.048	6.534	5.701
18, 22, 11, 24, 	4.009	4.100	0.569	0.741	6.810	8.031	6.113
18, 22, 11, 24, 33, 	3.970	4.100	0.551	0.741	7.237	8.938	6.309
18, 22, 11, 24, 33, 42, 	3.946	4.100	0.551	0.741	7.564	9.445	6.432
1.000	0.741	0.645	0.569	0.551	0.566	
0.741	1.000	0.684	0.608	0.598	0.601	
0.645	0.684	1.000	0.574	0.603	0.585	
0.569	0.608	0.574	1.000	0.564	0.584	
0.551	0.598	0.603	0.564	1.000	0.556	
0.566	0.601	0.585	0.584	0.556	1.000	
Group 2 Got Member: 5	12	35	41	45	15	
Representation node count: 4
4.198	4.155	4.201	4.128	4.244	4.121	
5, 12, 	4.155	4.198	0.729	0.729	5.306	5.334	5.279
5, 12, 35, 	4.155	4.201	0.729	0.824	5.780	6.060	5.315
5, 12, 35, 41, 	4.128	4.201	0.729	0.824	6.268	6.518	5.530
5, 12, 35, 41, 45, 	4.128	4.244	0.716	0.824	6.584	7.037	5.678
5, 12, 35, 41, 45, 15, 	4.121	4.244	0.677	0.824	6.872	7.788	5.755
1.000	0.729	0.824	0.767	0.735	0.770	
0.729	1.000	0.743	0.732	0.737	0.677	
0.824	0.743	1.000	0.771	0.756	0.776	
0.767	0.732	0.771	1.000	0.716	0.727	
0.735	0.737	0.756	0.716	1.000	0.691	
0.770	0.677	0.776	0.727	0.691	1.000	
Group 3 Got Member: 13	32	44	48	3	23	
Representation node count: 5
4.319	4.376	4.340	4.437	4.324	4.412	
13, 32, 	4.319	4.376	0.758	0.758	5.398	5.433	5.363
13, 32, 44, 	4.319	4.376	0.615	0.758	6.336	7.226	6.011
13, 32, 44, 48, 	4.319	4.437	0.612	0.758	6.867	8.185	6.413
13, 32, 44, 48, 3, 	4.319	4.437	0.596	0.758	7.267	8.984	6.663
13, 32, 44, 48, 3, 23, 	4.319	4.437	0.588	0.758	7.494	9.569	6.818
1.000	0.758	0.615	0.629	0.639	0.713	
0.758	1.000	0.679	0.681	0.680	0.691	
0.615	0.679	1.000	0.612	0.596	0.588	
0.629	0.681	0.612	1.000	0.643	0.598	
0.639	0.680	0.596	0.643	1.000	0.626	
0.713	0.691	0.588	0.598	0.626	1.000	
Group 4 Got Member: 6	14	17	19	30	47	50	
Representation node count: 4
4.648	4.597	4.542	4.671	4.703	4.732	4.692	
6, 14, 	4.597	4.648	0.757	0.757	5.746	5.778	5.715
6, 14, 17, 	4.542	4.648	0.735	0.798	6.262	6.660	6.009
6, 14, 17, 19, 	4.542	4.671	0.720	0.798	6.678	7.346	6.339
6, 14, 17, 19, 30, 	4.542	4.703	0.720	0.804	6.976	7.741	6.479
6, 14, 17, 19, 30, 47, 	4.542	4.732	0.720	0.804	7.220	8.010	6.593
6, 14, 17, 19, 30, 47, 50, 	4.542	4.732	0.713	0.804	7.380	8.274	6.661
1.000	0.757	0.798	0.774	0.792	0.803	0.788	
0.757	1.000	0.735	0.720	0.804	0.755	0.713	
0.798	0.735	1.000	0.772	0.781	0.764	0.767	
0.774	0.720	0.772	1.000	0.749	0.744	0.768	
0.792	0.804	0.781	0.749	1.000	0.791	0.739	
0.803	0.755	0.764	0.744	0.791	1.000	0.737	
0.788	0.713	0.767	0.768	0.739	0.737	1.000	
Group 5 Got Member: 9	37	51	40	27	43	
Representation node count: 5
4.868	4.860	4.872	4.678	4.782	4.833	
9, 37, 	4.860	4.868	0.776	0.776	5.952	5.957	5.948
9, 37, 51, 	4.860	4.872	0.776	0.816	6.496	6.630	6.286
9, 37, 51, 40, 	4.678	4.872	0.633	0.816	7.277	8.717	6.354
9, 37, 51, 40, 27, 	4.678	4.872	0.564	0.816	7.763	10.409	6.533
9, 37, 51, 40, 27, 43, 	4.678	4.872	0.564	0.816	7.938	10.975	6.639
1.000	0.776	0.816	0.669	0.658	0.598	
0.776	1.000	0.785	0.633	0.648	0.587	
0.816	0.785	1.000	0.689	0.674	0.592	
0.669	0.633	0.689	1.000	0.564	0.594	
0.658	0.648	0.674	0.564	1.000	0.565	
0.598	0.587	0.592	0.594	0.565	1.000	
Group 6 Got Member: 49	52	53	46	54	8	7	4	10	2	39	
Representation node count: 0
3.765	3.429	5.106	3.065	5.273	5.082	4.945	5.013	3.915	2.881	3.765	
49, 52, 	3.429	3.765	0.612	0.612	4.992	5.225	4.758
49, 52, 53, 	3.429	5.106	0.593	0.740	6.208	8.642	4.882
49, 52, 53, 46, 	3.065	5.106	0.364	0.740	6.473	13.190	4.680
49, 52, 53, 46, 54, 	3.065	5.273	0.364	0.806	6.979	15.458	4.350
49, 52, 53, 46, 54, 8, 	3.065	5.273	0.364	0.840	7.189	16.961	4.156
49, 52, 53, 46, 54, 8, 7, 	3.065	5.273	0.364	0.841	7.347	18.192	4.183
49, 52, 53, 46, 54, 8, 7, 4, 	3.065	5.273	0.364	0.841	7.523	19.198	4.202
49, 52, 53, 46, 54, 8, 7, 4, 10, 	3.065	5.273	0.364	0.841	7.741	20.022	4.213
49, 52, 53, 46, 54, 8, 7, 4, 10, 2, 	2.881	5.273	0.264	0.841	7.880	26.467	3.966
49, 52, 53, 46, 54, 8, 7, 4, 10, 2, 39, 	2.881	5.273	0.264	0.841	7.895	27.554	3.969
1.000	0.612	0.740	0.635	0.764	0.758	0.777	0.752	0.578	0.403	0.584	
0.612	1.000	0.593	0.364	0.610	0.658	0.655	0.648	0.495	0.384	0.449	
0.740	0.593	1.000	0.648	0.806	0.807	0.808	0.776	0.601	0.370	0.597	
0.635	0.364	0.648	1.000	0.634	0.616	0.629	0.592	0.464	0.264	0.488	
0.764	0.610	0.806	0.634	1.000	0.840	0.829	0.793	0.617	0.389	0.592	
0.758	0.658	0.807	0.616	0.840	1.000	0.841	0.826	0.646	0.389	0.607	
0.777	0.655	0.808	0.629	0.829	0.841	1.000	0.821	0.632	0.385	0.594	
0.752	0.648	0.776	0.592	0.793	0.826	0.821	1.000	0.616	0.388	0.569	
0.578	0.495	0.601	0.464	0.617	0.646	0.632	0.616	1.000	0.374	0.431	
0.403	0.384	0.370	0.264	0.389	0.389	0.385	0.388	0.374	1.000	0.274	
0.584	0.449	0.597	0.488	0.592	0.607	0.594	0.569	0.431	0.274	1.000	
Group 7 Got Member: 1	38	36	34	31	29	21	16	28	20	26	25	
Representation node count: 0
3.684	4.607	3.484	3.803	4.459	5.227	5.566	2.890	4.571	2.907	3.591	3.720	
1, 38, 	3.684	4.607	0.458	0.458	6.391	7.103	5.680
1, 38, 36, 	3.484	4.607	0.458	0.499	7.008	9.027	6.538
1, 38, 36, 34, 	3.484	4.607	0.458	0.712	7.182	10.511	5.551
1, 38, 36, 34, 31, 	3.484	4.607	0.458	0.712	7.431	11.655	5.820
1, 38, 36, 34, 31, 29, 	3.484	5.227	0.458	0.749	7.632	14.226	5.600
1, 38, 36, 34, 31, 29, 21, 	3.484	5.566	0.458	0.772	7.756	15.968	5.435
1, 38, 36, 34, 31, 29, 21, 16, 	2.890	5.566	0.257	0.772	7.801	25.487	4.544
1, 38, 36, 34, 31, 29, 21, 16, 28, 	2.890	5.566	0.257	0.772	7.853	27.070	4.566
1, 38, 36, 34, 31, 29, 21, 16, 28, 20, 	2.890	5.566	0.257	0.772	7.880	28.450	4.579
1, 38, 36, 34, 31, 29, 21, 16, 28, 20, 26, 	2.890	5.566	0.257	0.772	7.930	29.653	4.587
1, 38, 36, 34, 31, 29, 21, 16, 28, 20, 26, 25, 	2.890	5.566	0.237	0.772	7.945	32.450	4.592
1.000	0.458	0.499	0.543	0.489	0.545	0.601	0.257	0.446	0.449	0.436	0.331	
0.458	1.000	0.489	0.535	0.524	0.615	0.650	0.328	0.476	0.429	0.424	0.363	
0.499	0.489	1.000	0.712	0.631	0.666	0.691	0.389	0.564	0.613	0.451	0.402	
0.543	0.535	0.712	1.000	0.678	0.693	0.733	0.436	0.602	0.629	0.495	0.430	
0.489	0.524	0.631	0.678	1.000	0.749	0.716	0.408	0.688	0.594	0.476	0.496	
0.545	0.615	0.666	0.693	0.749	1.000	0.772	0.470	0.699	0.595	0.538	0.537	
0.601	0.650	0.691	0.733	0.716	0.772	1.000	0.544	0.686	0.574	0.567	0.549	
0.257	0.328	0.389	0.436	0.408	0.470	0.544	1.000	0.341	0.304	0.335	0.237	
0.446	0.476	0.564	0.602	0.688	0.699	0.686	0.341	1.000	0.510	0.420	0.439	
0.449	0.429	0.613	0.629	0.594	0.595	0.574	0.304	0.510	1.000	0.425	0.377	
0.436	0.424	0.451	0.495	0.476	0.538	0.567	0.335	0.420	0.425	1.000	0.363	
0.331	0.363	0.402	0.430	0.496	0.537	0.549	0.237	0.439	0.377	0.363	1.000	
Round 1280:
Group 1 Got Member: 2	7	49	18	21	8	
Representation node count: 5
3.549	3.595	3.435	3.595	3.429	3.451	
2, 7, 	3.549	3.595	0.751	0.751	4.463	4.492	4.434
2, 7, 49, 	3.435	3.595	0.728	0.751	5.073	5.198	4.827
2, 7, 49, 18, 	3.435	3.595	0.646	0.751	5.706	6.316	5.161
2, 7, 49, 18, 21, 	3.429	3.595	0.600	0.751	6.096	7.237	5.359
2, 7, 49, 18, 21, 8, 	3.429	3.595	0.585	0.751	6.412	7.796	5.490
1.000	0.751	0.728	0.646	0.676	0.661	
0.751	1.000	0.747	0.662	0.683	0.670	
0.728	0.747	1.000	0.670	0.691	0.633	
0.646	0.662	0.670	1.000	0.600	0.604	
0.676	0.683	0.691	0.600	1.000	0.585	
0.661	0.670	0.633	0.604	0.585	1.000	
Group 2 Got Member: 12	20	53	13	51	40	
Representation node count: 5
4.126	3.949	4.123	4.038	4.129	3.953	
12, 20, 	3.949	4.126	0.713	0.713	5.196	5.310	5.081
12, 20, 53, 	3.949	4.126	0.713	0.771	5.708	6.071	5.405
12, 20, 53, 13, 	3.949	4.126	0.689	0.771	6.256	6.798	5.746
12, 20, 53, 13, 51, 	3.949	4.129	0.675	0.771	6.582	7.337	5.955
12, 20, 53, 13, 51, 40, 	3.949	4.129	0.528	0.771	6.923	9.922	6.083
1.000	0.713	0.771	0.720	0.698	0.601	
0.713	1.000	0.737	0.689	0.675	0.615	
0.771	0.737	1.000	0.701	0.711	0.587	
0.720	0.689	0.701	1.000	0.678	0.620	
0.698	0.675	0.711	0.678	1.000	0.528	
0.601	0.615	0.587	0.620	0.528	1.000	
Group 3 Got Member: 1	16	25	47	6	29	33	
Representation node count: 5
4.582	4.595	4.604	4.436	4.513	4.430	4.442	
1, 16, 	4.582	4.595	0.802	0.802	5.499	5.507	5.491
1, 16, 25, 	4.582	4.604	0.738	0.802	6.276	6.569	6.035
1, 16, 25, 47, 	4.436	4.604	0.732	0.802	6.618	7.112	6.159
1, 16, 25, 47, 6, 	4.436	4.604	0.670	0.802	7.090	8.250	6.348
1, 16, 25, 47, 6, 29, 	4.430	4.604	0.642	0.802	7.421	9.005	6.454
1, 16, 25, 47, 6, 29, 33, 	4.430	4.604	0.610	0.802	7.672	9.833	6.522
1.000	0.802	0.744	0.792	0.720	0.681	0.726	
0.802	1.000	0.738	0.753	0.670	0.681	0.692	
0.744	0.738	1.000	0.732	0.685	0.704	0.690	
0.792	0.753	0.732	1.000	0.791	0.691	0.691	
0.720	0.670	0.685	0.791	1.000	0.642	0.631	
0.681	0.681	0.704	0.691	0.642	1.000	0.610	
0.726	0.692	0.690	0.691	0.631	0.610	1.000	
Group 4 Got Member: 50	52	48	54	46	9	5	45	10	44	4	11	43	3	39	37	42	
Representation node count: 0
5.141	5.076	2.690	3.642	5.111	3.175	2.319	4.857	3.925	5.520	3.304	3.769	4.140	4.615	3.732	4.201	4.647	
50, 52, 	5.076	5.141	0.771	0.771	6.279	6.319	6.239
50, 52, 48, 	2.690	5.141	0.542	0.771	6.486	9.215	3.686
50, 52, 48, 54, 	2.690	5.141	0.542	0.771	6.681	10.468	3.919
50, 52, 48, 54, 46, 	2.690	5.141	0.542	0.829	7.008	11.381	3.667
50, 52, 48, 54, 46, 9, 	2.690	5.141	0.542	0.829	7.115	12.047	3.721
50, 52, 48, 54, 46, 9, 5, 	2.319	5.141	0.182	0.829	7.552	25.292	3.234
50, 52, 48, 54, 46, 9, 5, 45, 	2.319	5.141	0.182	0.829	7.626	27.667	3.250
50, 52, 48, 54, 46, 9, 5, 45, 10, 	2.319	5.141	0.182	0.829	7.694	29.826	3.259
50, 52, 48, 54, 46, 9, 5, 45, 10, 44, 	2.319	5.520	0.182	0.843	7.770	34.134	3.174
50, 52, 48, 54, 46, 9, 5, 45, 10, 44, 4, 	2.319	5.520	0.182	0.843	7.841	36.049	3.177
50, 52, 48, 54, 46, 9, 5, 45, 10, 44, 4, 11, 	2.319	5.520	0.182	0.843	7.880	37.791	3.178
50, 52, 48, 54, 46, 9, 5, 45, 10, 44, 4, 11, 43, 	2.319	5.520	0.182	0.843	7.895	39.374	3.179
50, 52, 48, 54, 46, 9, 5, 45, 10, 44, 4, 11, 43, 3, 	2.319	5.520	0.182	0.843	7.935	40.813	3.180
50, 52, 48, 54, 46, 9, 5, 45, 10, 44, 4, 11, 43, 3, 39, 	2.319	5.520	0.182	0.843	7.945	42.122	3.180
50, 52, 48, 54, 46, 9, 5, 45, 10, 44, 4, 11, 43, 3, 39, 37, 	2.319	5.520	0.182	0.843	7.977	43.311	3.180
50, 52, 48, 54, 46, 9, 5, 45, 10, 44, 4, 11, 43, 3, 39, 37, 42, 	2.319	5.520	0.182	0.843	7.984	44.393	3.180
1.000	0.771	0.542	0.687	0.829	0.616	0.341	0.761	0.747	0.842	0.564	0.662	0.717	0.626	0.729	0.641	0.755	
0.771	1.000	0.614	0.716	0.787	0.671	0.351	0.787	0.743	0.823	0.600	0.634	0.727	0.682	0.730	0.629	0.798	
0.542	0.614	1.000	0.643	0.566	0.585	0.182	0.558	0.537	0.557	0.382	0.464	0.608	0.441	0.624	0.432	0.646	
0.687	0.716	0.643	1.000	0.686	0.548	0.251	0.673	0.668	0.719	0.493	0.568	0.656	0.533	0.694	0.539	0.670	
0.829	0.787	0.566	0.686	1.000	0.648	0.338	0.792	0.770	0.843	0.577	0.667	0.718	0.660	0.746	0.643	0.766	
0.616	0.671	0.585	0.548	0.648	1.000	0.212	0.634	0.590	0.633	0.430	0.448	0.604	0.499	0.628	0.468	0.599	
0.341	0.351	0.182	0.251	0.338	0.212	1.000	0.303	0.339	0.340	0.257	0.272	0.276	0.321	0.371	0.297	0.267	
0.761	0.787	0.558	0.673	0.792	0.634	0.303	1.000	0.709	0.793	0.558	0.603	0.709	0.630	0.727	0.597	0.723	
0.747	0.743	0.537	0.668	0.770	0.590	0.339	0.709	1.000	0.758	0.556	0.592	0.651	0.600	0.728	0.597	0.697	
0.842	0.823	0.557	0.719	0.843	0.633	0.340	0.793	0.758	1.000	0.593	0.684	0.743	0.676	0.740	0.656	0.782	
0.564	0.600	0.382	0.493	0.577	0.430	0.257	0.558	0.556	0.593	1.000	0.461	0.535	0.432	0.588	0.446	0.541	
0.662	0.634	0.464	0.568	0.667	0.448	0.272	0.603	0.592	0.684	0.461	1.000	0.542	0.481	0.590	0.517	0.588	
0.717	0.727	0.608	0.656	0.718	0.604	0.276	0.709	0.651	0.743	0.535	0.542	1.000	0.580	0.724	0.534	0.719	
0.626	0.682	0.441	0.533	0.660	0.499	0.321	0.630	0.600	0.676	0.432	0.481	0.580	1.000	0.587	0.496	0.629	
0.729	0.730	0.624	0.694	0.746	0.628	0.371	0.727	0.728	0.740	0.588	0.590	0.724	0.587	1.000	0.567	0.708	
0.641	0.629	0.432	0.539	0.643	0.468	0.297	0.597	0.597	0.656	0.446	0.517	0.534	0.496	0.567	1.000	0.576	
0.755	0.798	0.646	0.670	0.766	0.599	0.267	0.723	0.697	0.782	0.541	0.588	0.719	0.629	0.708	0.576	1.000	
Group 5 Got Member: 41	35	14	38	36	15	34	31	32	19	17	27	30	23	28	22	26	24	
Representation node count: 0
4.846	2.207	4.279	5.006	3.379	4.740	3.693	3.755	4.556	1.839	3.776	5.437	4.283	5.142	3.930	2.429	4.904	3.146	
41, 35, 	2.207	4.846	0.269	0.269	6.105	8.390	3.820
41, 35, 14, 	2.207	4.846	0.269	0.666	6.900	11.458	3.434
41, 35, 14, 38, 	2.207	5.006	0.269	0.804	7.257	14.579	3.054
41, 35, 14, 38, 36, 	2.207	5.006	0.269	0.804	7.322	16.954	3.147
41, 35, 14, 38, 36, 15, 	2.207	5.006	0.269	0.804	7.655	19.009	3.203
41, 35, 14, 38, 36, 15, 34, 	2.207	5.006	0.269	0.804	7.684	20.788	3.236
41, 35, 14, 38, 36, 15, 34, 31, 	2.207	5.006	0.205	0.804	7.770	25.597	3.256
41, 35, 14, 38, 36, 15, 34, 31, 32, 	2.207	5.006	0.205	0.804	7.802	27.460	3.267
41, 35, 14, 38, 36, 15, 34, 31, 32, 19, 	1.839	5.006	0.205	0.804	7.898	29.131	2.729
41, 35, 14, 38, 36, 15, 34, 31, 32, 19, 17, 	1.839	5.006	0.205	0.804	7.922	30.631	2.733
41, 35, 14, 38, 36, 15, 34, 31, 32, 19, 17, 27, 	1.839	5.437	0.205	0.804	7.961	34.729	2.735
41, 35, 14, 38, 36, 15, 34, 31, 32, 19, 17, 27, 30, 	1.839	5.437	0.205	0.804	7.961	36.040	2.736
41, 35, 14, 38, 36, 15, 34, 31, 32, 19, 17, 27, 30, 23, 	1.839	5.437	0.205	0.805	7.977	37.217	2.731
41, 35, 14, 38, 36, 15, 34, 31, 32, 19, 17, 27, 30, 23, 28, 	1.839	5.437	0.165	0.805	7.977	44.015	2.732
41, 35, 14, 38, 36, 15, 34, 31, 32, 19, 17, 27, 30, 23, 28, 22, 	1.839	5.437	0.165	0.805	7.977	45.378	2.732
41, 35, 14, 38, 36, 15, 34, 31, 32, 19, 17, 27, 30, 23, 28, 22, 26, 	1.839	5.437	0.165	0.833	7.984	46.628	2.574
41, 35, 14, 38, 36, 15, 34, 31, 32, 19, 17, 27, 30, 23, 28, 22, 26, 24, 	1.839	5.437	0.165	0.833	8.000	47.776	2.574
1.000	0.269	0.666	0.804	0.686	0.674	0.737	0.685	0.675	0.281	0.728	0.782	0.761	0.779	0.567	0.492	0.791	0.568	
0.269	1.000	0.272	0.313	0.304	0.313	0.308	0.205	0.253	0.266	0.273	0.299	0.316	0.329	0.165	0.225	0.317	0.239	
0.666	0.272	1.000	0.703	0.611	0.593	0.654	0.581	0.576	0.293	0.648	0.683	0.755	0.696	0.450	0.409	0.696	0.430	
0.804	0.313	0.703	1.000	0.745	0.693	0.776	0.667	0.688	0.267	0.749	0.798	0.784	0.805	0.555	0.524	0.833	0.597	
0.686	0.304	0.611	0.745	1.000	0.624	0.753	0.602	0.605	0.279	0.747	0.669	0.694	0.719	0.488	0.486	0.749	0.542	
0.674	0.313	0.593	0.693	0.624	1.000	0.625	0.542	0.600	0.265	0.619	0.705	0.670	0.708	0.474	0.436	0.716	0.453	
0.737	0.308	0.654	0.776	0.753	0.625	1.000	0.601	0.633	0.306	0.754	0.721	0.747	0.737	0.507	0.533	0.735	0.560	
0.685	0.205	0.581	0.667	0.602	0.542	0.601	1.000	0.569	0.246	0.630	0.643	0.672	0.657	0.518	0.452	0.657	0.498	
0.675	0.253	0.576	0.688	0.605	0.600	0.633	0.569	1.000	0.266	0.608	0.688	0.637	0.685	0.506	0.412	0.687	0.497	
0.281	0.266	0.293	0.267	0.279	0.265	0.306	0.246	0.266	1.000	0.269	0.272	0.286	0.274	0.179	0.167	0.276	0.243	
0.728	0.273	0.648	0.749	0.747	0.619	0.754	0.630	0.608	0.269	1.000	0.706	0.734	0.747	0.520	0.495	0.769	0.511	
0.782	0.299	0.683	0.798	0.669	0.705	0.721	0.643	0.688	0.272	0.706	1.000	0.742	0.793	0.588	0.503	0.807	0.580	
0.761	0.316	0.755	0.784	0.694	0.670	0.747	0.672	0.637	0.286	0.734	0.742	1.000	0.765	0.529	0.524	0.774	0.538	
0.779	0.329	0.696	0.805	0.719	0.708	0.737	0.657	0.685	0.274	0.747	0.793	0.765	1.000	0.558	0.523	0.830	0.577	
0.567	0.165	0.450	0.555	0.488	0.474	0.507	0.518	0.506	0.179	0.520	0.588	0.529	0.558	1.000	0.375	0.576	0.439	
0.492	0.225	0.409	0.524	0.486	0.436	0.533	0.452	0.412	0.167	0.495	0.503	0.524	0.523	0.375	1.000	0.534	0.387	
0.791	0.317	0.696	0.833	0.749	0.716	0.735	0.657	0.687	0.276	0.769	0.807	0.774	0.830	0.576	0.534	1.000	0.579	
0.568	0.239	0.430	0.597	0.542	0.453	0.560	0.498	0.497	0.243	0.511	0.580	0.538	0.577	0.439	0.387	0.579	1.000	
Round 1536:
Group 1 Got Member: 5	35	37	39	22	50	
Representation node count: 5
3.453	3.410	3.584	3.494	3.516	3.480	
5, 35, 	3.410	3.453	0.742	0.742	4.317	4.344	4.290
5, 35, 37, 	3.410	3.584	0.735	0.754	5.010	5.136	4.773
5, 35, 37, 39, 	3.410	3.584	0.735	0.805	5.349	5.517	4.712
5, 35, 37, 39, 22, 	3.410	3.584	0.619	0.805	5.967	6.989	4.854
5, 35, 37, 39, 22, 50, 	3.410	3.584	0.613	0.805	6.418	7.378	4.939
1.000	0.742	0.735	0.805	0.662	0.675	
0.742	1.000	0.754	0.747	0.643	0.632	
0.735	0.754	1.000	0.746	0.620	0.682	
0.805	0.747	0.746	1.000	0.619	0.632	
0.662	0.643	0.620	0.619	1.000	0.613	
0.675	0.632	0.682	0.632	0.613	1.000	
Group 2 Got Member: 3	9	16	44	11	25	
Representation node count: 4
4.120	4.028	4.057	3.974	3.994	4.023	
3, 9, 	4.028	4.120	0.811	0.811	4.843	4.898	4.789
3, 9, 16, 	4.028	4.120	0.745	0.811	5.499	5.832	5.241
3, 9, 16, 44, 	3.974	4.120	0.703	0.811	5.907	6.653	5.437
3, 9, 16, 44, 11, 	3.974	4.120	0.651	0.811	6.441	7.627	5.594
3, 9, 16, 44, 11, 25, 	3.974	4.120	0.648	0.811	6.766	7.962	5.688
1.000	0.811	0.745	0.782	0.709	0.738	
0.811	1.000	0.773	0.776	0.711	0.737	
0.745	0.773	1.000	0.703	0.651	0.653	
0.782	0.776	0.703	1.000	0.685	0.682	
0.709	0.711	0.651	0.685	1.000	0.648	
0.738	0.737	0.653	0.682	0.648	1.000	
Group 3 Got Member: 6	29	42	47	54	14	
Representation node count: 4
4.662	4.621	4.632	4.636	4.584	4.470	
6, 29, 	4.621	4.662	0.728	0.728	5.903	5.929	5.877
6, 29, 42, 	4.621	4.662	0.709	0.779	6.473	6.895	6.269
6, 29, 42, 47, 	4.621	4.662	0.709	0.818	6.802	7.460	6.256
6, 29, 42, 47, 54, 	4.584	4.662	0.709	0.824	6.999	7.825	6.305
6, 29, 42, 47, 54, 14, 	4.470	4.662	0.665	0.824	7.221	8.729	6.242
1.000	0.728	0.709	0.818	0.728	0.665	
0.728	1.000	0.779	0.754	0.793	0.753	
0.709	0.779	1.000	0.732	0.824	0.763	
0.818	0.754	0.732	1.000	0.750	0.689	
0.728	0.793	0.824	0.750	1.000	0.769	
0.665	0.753	0.763	0.689	0.769	1.000	
Group 4 Got Member: 41	38	43	36	45	46	34	1	33	32	48	4	
Representation node count: 0
4.332	3.216	5.096	3.287	3.662	4.375	4.072	3.956	3.522	4.874	5.046	4.160	
41, 38, 	3.216	4.332	0.616	0.616	5.223	5.995	4.451
41, 38, 43, 	3.216	5.096	0.616	0.766	6.196	8.407	4.435
41, 38, 43, 36, 	3.216	5.096	0.616	0.766	6.380	9.343	4.722
41, 38, 43, 36, 45, 	3.216	5.096	0.525	0.766	6.816	11.588	4.899
41, 38, 43, 36, 45, 46, 	3.216	5.096	0.525	0.779	7.119	12.304	4.884
41, 38, 43, 36, 45, 46, 34, 	3.216	5.096	0.513	0.779	7.394	13.125	4.944
41, 38, 43, 36, 45, 46, 34, 1, 	3.216	5.096	0.513	0.779	7.642	13.543	4.981
41, 38, 43, 36, 45, 46, 34, 1, 33, 	3.216	5.096	0.460	0.779	7.684	15.592	5.003
41, 38, 43, 36, 45, 46, 34, 1, 33, 32, 	3.216	5.096	0.460	0.779	7.786	15.933	5.017
41, 38, 43, 36, 45, 46, 34, 1, 33, 32, 48, 	3.216	5.096	0.460	0.835	7.810	16.195	4.486
41, 38, 43, 36, 45, 46, 34, 1, 33, 32, 48, 4, 	3.216	5.096	0.460	0.835	7.841	16.398	4.488
1.000	0.616	0.766	0.714	0.653	0.733	0.562	0.599	0.621	0.685	0.791	0.764	
0.616	1.000	0.650	0.623	0.525	0.618	0.544	0.531	0.477	0.525	0.638	0.639	
0.766	0.650	1.000	0.711	0.672	0.779	0.688	0.660	0.616	0.745	0.835	0.805	
0.714	0.623	0.711	1.000	0.623	0.703	0.546	0.637	0.605	0.605	0.733	0.770	
0.653	0.525	0.672	0.623	1.000	0.659	0.513	0.564	0.536	0.568	0.670	0.652	
0.733	0.618	0.779	0.703	0.659	1.000	0.624	0.640	0.579	0.674	0.785	0.733	
0.562	0.544	0.688	0.546	0.513	0.624	1.000	0.603	0.460	0.611	0.663	0.608	
0.599	0.531	0.660	0.637	0.564	0.640	0.603	1.000	0.548	0.571	0.653	0.656	
0.621	0.477	0.616	0.605	0.536	0.579	0.460	0.548	1.000	0.531	0.616	0.609	
0.685	0.525	0.745	0.605	0.568	0.674	0.611	0.571	0.531	1.000	0.753	0.694	
0.791	0.638	0.835	0.733	0.670	0.785	0.663	0.653	0.616	0.753	1.000	0.834	
0.764	0.639	0.805	0.770	0.652	0.733	0.608	0.656	0.609	0.694	0.834	1.000	
Group 5 Got Member: 31	30	52	28	27	26	10	23	24	19	15	17	
Representation node count: 0
4.890	3.223	4.939	5.179	5.173	3.692	3.628	2.832	4.891	4.268	4.389	4.792	
31, 30, 	3.223	4.890	0.657	0.657	5.447	6.566	4.328
31, 30, 52, 	3.223	4.939	0.657	0.797	6.194	7.768	4.269
31, 30, 52, 28, 	3.223	5.179	0.657	0.822	6.621	8.946	4.333
31, 30, 52, 28, 27, 	3.223	5.179	0.657	0.822	7.000	9.483	4.450
31, 30, 52, 28, 27, 26, 	3.223	5.179	0.657	0.822	7.084	9.843	4.519
31, 30, 52, 28, 27, 26, 10, 	3.223	5.179	0.640	0.822	7.191	10.427	4.560
31, 30, 52, 28, 27, 26, 10, 23, 	2.832	5.179	0.489	0.822	7.340	14.492	4.027
