Round 256:
Group 1 Got Member: 40	45	47	4	10	31	52	
Representation node count: 0
3.296	3.209	3.327	3.275	3.408	3.358	3.400	
40, 45, 	3.209	3.296	0.715	0.715	4.180	4.236	4.125
40, 45, 47, 	3.209	3.327	0.715	0.759	4.703	4.887	4.461
40, 45, 47, 4, 	3.209	3.327	0.715	0.781	5.061	5.280	4.601
40, 45, 47, 4, 10, 	3.209	3.408	0.652	0.781	5.723	6.297	4.760
40, 45, 47, 4, 10, 31, 	3.209	3.408	0.652	0.781	6.024	6.542	4.857
40, 45, 47, 4, 10, 31, 52, 	3.209	3.408	0.600	0.781	6.350	7.412	4.916
1.000	0.715	0.749	0.760	0.673	0.695	0.635	
0.715	1.000	0.759	0.736	0.690	0.743	0.666	
0.749	0.759	1.000	0.781	0.652	0.736	0.694	
0.760	0.736	0.781	1.000	0.705	0.733	0.673	
0.673	0.690	0.652	0.705	1.000	0.696	0.600	
0.695	0.743	0.736	0.733	0.696	1.000	0.684	
0.635	0.666	0.694	0.673	0.600	0.684	1.000	
Group 2 Got Member: 8	22	28	41	42	9	51	
Representation node count: 0
3.504	3.522	3.478	3.435	3.347	3.442	3.457	
8, 22, 	3.504	3.522	0.786	0.786	4.266	4.278	4.255
8, 22, 28, 	3.478	3.522	0.733	0.796	4.800	5.057	4.613
8, 22, 28, 41, 	3.435	3.522	0.718	0.796	5.233	5.563	4.810
8, 22, 28, 41, 42, 	3.347	3.522	0.700	0.796	5.706	5.998	4.835
8, 22, 28, 41, 42, 9, 	3.347	3.522	0.692	0.796	6.074	6.283	4.924
8, 22, 28, 41, 42, 9, 51, 	3.347	3.522	0.629	0.796	6.385	7.239	4.978
1.000	0.786	0.796	0.792	0.732	0.737	0.685	
0.786	1.000	0.733	0.756	0.708	0.749	0.707	
0.796	0.733	1.000	0.718	0.700	0.716	0.644	
0.792	0.756	0.718	1.000	0.722	0.740	0.683	
0.732	0.708	0.700	0.722	1.000	0.692	0.629	
0.737	0.749	0.716	0.740	0.692	1.000	0.662	
0.685	0.707	0.644	0.683	0.629	0.662	1.000	
Group 3 Got Member: 21	23	24	44	50	38	
Representation node count: 0
3.567	3.533	3.617	3.633	3.646	3.594	
21, 23, 	3.533	3.567	0.795	0.795	4.278	4.298	4.257
21, 23, 24, 	3.533	3.617	0.765	0.795	4.903	4.992	4.694
21, 23, 24, 44, 	3.533	3.633	0.757	0.795	5.340	5.406	4.957
21, 23, 24, 44, 50, 	3.533	3.646	0.704	0.795	5.820	6.168	5.115
21, 23, 24, 44, 50, 38, 	3.533	3.646	0.673	0.795	6.152	6.735	5.211
1.000	0.795	0.766	0.768	0.731	0.719	
0.795	1.000	0.765	0.771	0.724	0.735	
0.766	0.765	1.000	0.757	0.761	0.747	
0.768	0.771	0.757	1.000	0.704	0.722	
0.731	0.724	0.761	0.704	1.000	0.673	
0.719	0.735	0.747	0.722	0.673	1.000	
Group 4 Got Member: 6	25	29	30	32	35	37	54	
Representation node count: 0
3.958	3.833	3.906	3.910	3.962	3.928	3.953	3.952	
6, 25, 	3.833	3.958	0.788	0.788	4.721	4.797	4.645
6, 25, 29, 	3.833	3.958	0.774	0.796	5.267	5.397	5.085
6, 25, 29, 30, 	3.833	3.958	0.774	0.819	5.586	5.733	5.175
6, 25, 29, 30, 32, 	3.833	3.962	0.737	0.819	5.998	6.343	5.317
6, 25, 29, 30, 32, 35, 	3.833	3.962	0.737	0.819	6.249	6.510	5.401
6, 25, 29, 30, 32, 35, 37, 	3.833	3.962	0.710	0.819	6.521	6.964	5.451
6, 25, 29, 30, 32, 35, 37, 54, 	3.833	3.962	0.710	0.819	6.711	7.047	5.480
1.000	0.788	0.774	0.782	0.737	0.765	0.772	0.757	
0.788	1.000	0.796	0.812	0.737	0.759	0.782	0.757	
0.774	0.796	1.000	0.819	0.754	0.741	0.797	0.787	
0.782	0.812	0.819	1.000	0.749	0.760	0.803	0.784	
0.737	0.737	0.754	0.749	1.000	0.777	0.710	0.744	
0.765	0.759	0.741	0.760	0.777	1.000	0.733	0.745	
0.772	0.782	0.797	0.803	0.710	0.733	1.000	0.759	
0.757	0.757	0.787	0.784	0.744	0.745	0.759	1.000	
Group 5 Got Member: 1	2	5	13	26	27	33	43	
Representation node count: 0
4.021	4.036	4.021	4.013	4.097	4.063	4.073	4.042	
1, 2, 	4.021	4.036	0.770	0.770	4.955	4.964	4.946
1, 2, 5, 	4.021	4.036	0.770	1.000	4.955	5.535	4.021
1, 2, 5, 13, 	4.013	4.036	0.761	1.000	5.530	5.965	4.013
1, 2, 5, 13, 26, 	4.013	4.097	0.744	1.000	5.948	6.484	4.013
1, 2, 5, 13, 26, 27, 	4.013	4.097	0.744	1.000	6.270	6.647	4.013
1, 2, 5, 13, 26, 27, 33, 	4.013	4.097	0.744	1.000	6.639	6.750	4.013
1, 2, 5, 13, 26, 27, 33, 43, 	4.013	4.097	0.744	1.000	6.823	6.815	4.013
1.000	0.770	1.000	0.765	0.789	0.782	0.768	0.821	
0.770	1.000	0.770	0.761	0.775	0.762	0.747	0.760	
1.000	0.770	1.000	0.765	0.789	0.782	0.768	0.821	
0.765	0.761	0.765	1.000	0.744	0.780	0.760	0.748	
0.789	0.775	0.789	0.744	1.000	0.809	0.774	0.776	
0.782	0.762	0.782	0.780	0.809	1.000	0.786	0.785	
0.768	0.747	0.768	0.760	0.774	0.786	1.000	0.775	
0.821	0.760	0.821	0.748	0.776	0.785	0.775	1.000	
Group 6 Got Member: 12	14	19	11	17	16	
Representation node count: 0
4.377	4.343	4.350	4.318	4.246	4.226	
12, 14, 	4.343	4.377	0.702	0.702	5.660	5.682	5.639
12, 14, 19, 	4.343	4.377	0.702	0.750	6.190	6.529	6.104
12, 14, 19, 11, 	4.318	4.377	0.661	0.750	6.631	7.520	6.490
12, 14, 19, 11, 17, 	4.246	4.377	0.601	0.750	7.197	8.802	6.639
12, 14, 19, 11, 17, 16, 	4.226	4.377	0.593	0.750	7.428	9.357	6.769
1.000	0.702	0.725	0.661	0.618	0.655	
0.702	1.000	0.750	0.731	0.628	0.733	
0.725	0.750	1.000	0.728	0.628	0.686	
0.661	0.731	0.728	1.000	0.601	0.653	
0.618	0.628	0.628	0.601	1.000	0.593	
0.655	0.733	0.686	0.653	0.593	1.000	
Group 7 Got Member: 49	48	53	46	7	39	
Representation node count: 0
5.374	3.009	3.778	3.126	3.026	4.016	
49, 48, 	3.009	5.374	0.665	0.665	5.594	7.173	4.016
49, 48, 53, 	3.009	5.374	0.665	0.713	6.038	8.373	4.429
49, 48, 53, 46, 	3.009	5.374	0.662	0.730	6.278	9.214	4.664
49, 48, 53, 46, 7, 	3.009	5.374	0.631	0.756	6.525	10.276	4.661
49, 48, 53, 46, 7, 39, 	3.009	5.374	0.606	0.756	6.771	11.216	4.771
1.000	0.665	0.713	0.662	0.631	0.752	
0.665	1.000	0.686	0.730	0.713	0.649	
0.713	0.686	1.000	0.694	0.668	0.661	
0.662	0.730	0.694	1.000	0.756	0.648	
0.631	0.713	0.668	0.756	1.000	0.606	
0.752	0.649	0.661	0.648	0.606	1.000	
Group 8 Got Member: 3	36	34	15	18	20	
Representation node count: 0
3.670	5.060	4.500	5.024	3.690	4.461	
3, 36, 	3.670	5.060	0.708	0.708	5.641	6.539	4.743
3, 36, 34, 	3.670	5.060	0.695	0.721	6.261	7.606	5.347
3, 36, 34, 15, 	3.670	5.060	0.686	0.744	6.897	8.382	5.571
3, 36, 34, 15, 18, 	3.670	5.060	0.681	0.749	7.021	8.897	5.750
3, 36, 34, 15, 18, 20, 	3.670	5.060	0.681	0.752	7.250	9.201	5.863
1.000	0.708	0.695	0.716	0.749	0.740	
0.708	1.000	0.721	0.744	0.691	0.749	
0.695	0.721	1.000	0.686	0.707	0.685	
0.716	0.744	0.686	1.000	0.681	0.715	
0.749	0.691	0.707	0.681	1.000	0.752	
0.740	0.749	0.685	0.715	0.752	1.000	
Round 512:
Group 1 Got Member: 23	28	31	45	47	48	
Representation node count: 0
3.235	3.150	3.036	3.192	3.158	3.188	
23, 28, 	3.150	3.235	0.713	0.713	4.109	4.164	4.055
23, 28, 31, 	3.036	3.235	0.713	0.790	4.448	4.762	4.058
23, 28, 31, 45, 	3.036	3.235	0.713	0.790	4.933	5.146	4.291
23, 28, 31, 45, 47, 	3.036	3.235	0.713	0.790	5.235	5.394	4.432
23, 28, 31, 45, 47, 48, 	3.036	3.235	0.713	0.790	5.500	5.553	4.517
1.000	0.713	0.790	0.760	0.749	0.769	
0.713	1.000	0.737	0.732	0.753	0.738	
0.790	0.737	1.000	0.717	0.775	0.758	
0.760	0.732	0.717	1.000	0.737	0.753	
0.749	0.753	0.775	0.737	1.000	0.745	
0.769	0.738	0.758	0.753	0.745	1.000	
Group 2 Got Member: 18	21	24	25	46	40	
Representation node count: 0
3.286	3.356	3.237	3.160	3.312	3.168	
18, 21, 	3.286	3.356	0.796	0.796	4.000	4.042	3.958
18, 21, 24, 	3.237	3.356	0.796	0.841	4.332	4.455	4.051
18, 21, 24, 25, 	3.160	3.356	0.727	0.841	4.840	5.227	4.123
18, 21, 24, 25, 46, 	3.160	3.356	0.727	0.849	5.082	5.463	4.160
18, 21, 24, 25, 46, 40, 	3.160	3.356	0.645	0.849	5.622	6.522	4.212
1.000	0.796	0.841	0.727	0.849	0.689	
0.796	1.000	0.800	0.733	0.749	0.673	
0.841	0.800	1.000	0.738	0.818	0.651	
0.727	0.733	0.738	1.000	0.737	0.645	
0.849	0.749	0.818	0.737	1.000	0.665	
0.689	0.673	0.651	0.645	0.665	1.000	
Group 3 Got Member: 6	16	27	30	43	39	
Representation node count: 0
5.070	5.105	5.053	5.121	5.054	4.991	
6, 16, 	5.070	5.105	0.773	0.773	6.241	6.263	6.220
6, 16, 27, 	5.053	5.105	0.740	0.802	6.807	7.271	6.657
6, 16, 27, 30, 	5.053	5.121	0.730	0.827	7.120	7.934	6.741
6, 16, 27, 30, 43, 	5.053	5.121	0.730	0.827	7.290	8.288	6.917
6, 16, 27, 30, 43, 39, 	4.991	5.121	0.601	0.827	7.768	10.790	6.934
1.000	0.773	0.802	0.764	0.812	0.664	
0.773	1.000	0.740	0.730	0.788	0.622	
0.802	0.740	1.000	0.827	0.792	0.624	
0.764	0.730	0.827	1.000	0.771	0.601	
0.812	0.788	0.792	0.771	1.000	0.627	
0.664	0.622	0.624	0.601	0.627	1.000	
Group 4 Got Member: 1	2	5	12	33	35	37	
Representation node count: 0
5.510	5.463	5.510	5.552	5.591	5.450	5.536	
1, 2, 	5.463	5.510	0.776	0.776	6.714	6.742	6.685
1, 2, 5, 	5.463	5.510	0.776	1.000	6.714	7.496	5.463
1, 2, 5, 12, 	5.463	5.552	0.776	1.000	7.088	8.018	5.463
1, 2, 5, 12, 33, 	5.463	5.591	0.776	1.000	7.414	8.361	5.463
1, 2, 5, 12, 33, 35, 	5.450	5.591	0.722	1.000	7.641	9.445	5.450
1, 2, 5, 12, 33, 35, 37, 	5.450	5.591	0.722	1.000	7.814	9.611	5.450
1.000	0.776	1.000	0.812	0.782	0.727	0.779	
0.776	1.000	0.776	0.813	0.780	0.722	0.767	
1.000	0.776	1.000	0.812	0.782	0.727	0.779	
0.812	0.813	0.812	1.000	0.817	0.771	0.799	
0.782	0.780	0.782	0.817	1.000	0.754	0.788	
0.727	0.722	0.727	0.771	0.754	1.000	0.722	
0.779	0.767	0.779	0.799	0.788	0.722	1.000	
Group 5 Got Member: 50	51	49	52	53	54	8	9	7	10	44	4	11	3	
Representation node count: 0
4.757	2.394	4.662	2.199	3.756	2.906	2.629	2.603	2.925	2.887	3.996	2.929	2.495	4.078	
50, 51, 	2.394	4.757	0.470	0.470	5.472	7.280	3.663
50, 51, 49, 	2.394	4.757	0.470	0.741	6.349	9.210	3.404
50, 51, 49, 52, 	2.199	4.757	0.357	0.741	6.546	12.390	3.352
50, 51, 49, 52, 53, 	2.199	4.757	0.323	0.741	6.924	14.850	3.494
50, 51, 49, 52, 53, 54, 	2.199	4.757	0.303	0.741	7.044	17.029	3.583
50, 51, 49, 52, 53, 54, 8, 	2.199	4.757	0.303	0.741	7.113	18.489	3.640
50, 51, 49, 52, 53, 54, 8, 9, 	2.199	4.757	0.303	0.741	7.147	19.729	3.675
50, 51, 49, 52, 53, 54, 8, 9, 7, 	2.199	4.757	0.303	0.741	7.208	20.781	3.697
50, 51, 49, 52, 53, 54, 8, 9, 7, 10, 	2.199	4.757	0.303	0.741	7.330	21.673	3.711
50, 51, 49, 52, 53, 54, 8, 9, 7, 10, 44, 	2.199	4.757	0.303	0.741	7.443	22.431	3.720
50, 51, 49, 52, 53, 54, 8, 9, 7, 10, 44, 4, 	2.199	4.757	0.303	0.741	7.490	23.074	3.726
50, 51, 49, 52, 53, 54, 8, 9, 7, 10, 44, 4, 11, 	2.199	4.757	0.303	0.741	7.506	23.620	3.729
50, 51, 49, 52, 53, 54, 8, 9, 7, 10, 44, 4, 11, 3, 	2.199	4.757	0.303	0.741	7.559	24.083	3.731
1.000	0.470	0.741	0.440	0.667	0.579	0.527	0.541	0.639	0.535	0.686	0.601	0.533	0.706	
0.470	1.000	0.484	0.357	0.452	0.363	0.384	0.447	0.607	0.443	0.466	0.611	0.432	0.494	
0.741	0.484	1.000	0.423	0.661	0.574	0.534	0.523	0.630	0.496	0.682	0.604	0.532	0.700	
0.440	0.357	0.423	1.000	0.323	0.303	0.441	0.441	0.476	0.308	0.438	0.404	0.357	0.470	
0.667	0.452	0.661	0.323	1.000	0.553	0.496	0.489	0.578	0.530	0.606	0.580	0.472	0.623	
0.579	0.363	0.574	0.303	0.553	1.000	0.373	0.413	0.549	0.463	0.530	0.542	0.412	0.596	
0.527	0.384	0.534	0.441	0.496	0.373	1.000	0.573	0.577	0.442	0.524	0.567	0.524	0.533	
0.541	0.447	0.523	0.441	0.489	0.413	0.573	1.000	0.625	0.495	0.526	0.594	0.606	0.530	
0.639	0.607	0.630	0.476	0.578	0.549	0.577	0.625	1.000	0.584	0.596	0.708	0.626	0.614	
0.535	0.443	0.496	0.308	0.530	0.463	0.442	0.495	0.584	1.000	0.499	0.592	0.490	0.475	
0.686	0.466	0.682	0.438	0.606	0.530	0.524	0.526	0.596	0.499	1.000	0.599	0.511	0.694	
0.601	0.611	0.604	0.404	0.580	0.542	0.567	0.594	0.708	0.592	0.599	1.000	0.620	0.604	
0.533	0.432	0.532	0.357	0.472	0.412	0.524	0.606	0.626	0.490	0.511	0.620	1.000	0.533	
0.706	0.494	0.700	0.470	0.623	0.596	0.533	0.530	0.614	0.475	0.694	0.604	0.533	1.000	
Group 6 Got Member: 13	42	41	14	38	36	15	34	29	32	19	17	20	22	26	
Representation node count: 0
5.220	3.369	2.945	4.459	4.312	4.703	4.601	5.254	3.972	5.577	4.831	4.263	3.088	3.376	4.040	
13, 42, 	3.369	5.220	0.635	0.635	5.862	7.125	4.599
13, 42, 41, 	2.945	5.220	0.517	0.635	6.191	9.612	4.753
13, 42, 41, 14, 	2.945	5.220	0.517	0.715	6.750	10.999	4.670
13, 42, 41, 14, 38, 	2.945	5.220	0.488	0.715	7.063	12.587	4.892
13, 42, 41, 14, 38, 36, 	2.945	5.220	0.453	0.715	7.625	14.335	5.035
13, 42, 41, 14, 38, 36, 15, 	2.945	5.220	0.453	0.715	7.796	15.126	5.127
13, 42, 41, 14, 38, 36, 15, 34, 	2.945	5.254	0.453	0.715	7.869	15.840	5.186
13, 42, 41, 14, 38, 36, 15, 34, 29, 	2.945	5.254	0.453	0.715	7.893	16.316	5.224
13, 42, 41, 14, 38, 36, 15, 34, 29, 32, 	2.945	5.577	0.453	0.732	7.942	17.713	5.063
13, 42, 41, 14, 38, 36, 15, 34, 29, 32, 19, 	2.945	5.577	0.453	0.787	7.953	18.015	4.532
13, 42, 41, 14, 38, 36, 15, 34, 29, 32, 19, 17, 	2.945	5.577	0.453	0.787	7.969	18.249	4.536
13, 42, 41, 14, 38, 36, 15, 34, 29, 32, 19, 17, 20, 	2.945	5.577	0.395	0.787	7.977	21.419	4.539
13, 42, 41, 14, 38, 36, 15, 34, 29, 32, 19, 17, 20, 22, 	2.945	5.577	0.395	0.787	7.977	21.659	4.540
13, 42, 41, 14, 38, 36, 15, 34, 29, 32, 19, 17, 20, 22, 26, 	2.945	5.577	0.395	0.787	7.977	21.851	4.541
1.000	0.635	0.591	0.715	0.688	0.644	0.713	0.706	0.691	0.732	0.718	0.698	0.552	0.708	0.661	
0.635	1.000	0.517	0.608	0.563	0.480	0.565	0.545	0.638	0.542	0.617	0.506	0.402	0.662	0.593	
0.591	0.517	1.000	0.557	0.488	0.453	0.499	0.489	0.568	0.489	0.569	0.524	0.397	0.670	0.583	
0.715	0.608	0.557	1.000	0.710	0.633	0.676	0.641	0.670	0.666	0.787	0.537	0.535	0.641	0.675	
0.688	0.563	0.488	0.710	1.000	0.556	0.608	0.603	0.689	0.639	0.712	0.521	0.504	0.605	0.660	
0.644	0.480	0.453	0.633	0.556	1.000	0.596	0.601	0.534	0.643	0.637	0.536	0.440	0.581	0.589	
0.713	0.565	0.499	0.676	0.608	0.596	1.000	0.634	0.625	0.651	0.675	0.569	0.466	0.624	0.592	
0.706	0.545	0.489	0.641	0.603	0.601	0.634	1.000	0.630	0.711	0.668	0.593	0.476	0.574	0.647	
0.691	0.638	0.568	0.670	0.689	0.534	0.625	0.630	1.000	0.642	0.686	0.499	0.576	0.635	0.732	
0.732	0.542	0.489	0.666	0.639	0.643	0.651	0.711	0.642	1.000	0.686	0.599	0.516	0.601	0.620	
0.718	0.617	0.569	0.787	0.712	0.637	0.675	0.668	0.686	0.686	1.000	0.549	0.570	0.667	0.689	
0.698	0.506	0.524	0.537	0.521	0.536	0.569	0.593	0.499	0.599	0.549	1.000	0.395	0.595	0.516	
0.552	0.402	0.397	0.535	0.504	0.440	0.466	0.476	0.576	0.516	0.570	0.395	1.000	0.517	0.550	
0.708	0.662	0.670	0.641	0.605	0.581	0.624	0.574	0.635	0.601	0.667	0.595	0.517	1.000	0.667	
0.661	0.593	0.583	0.675	0.660	0.589	0.592	0.647	0.732	0.620	0.689	0.516	0.550	0.667	1.000	
Round 768:
Group 1 Got Member: 21	23	1	5	12	14	
Representation node count: 0
4.153	4.162	4.136	4.136	4.144	4.094	
21, 23, 	4.153	4.162	0.761	0.761	5.153	5.159	5.147
21, 23, 1, 	4.136	4.162	0.637	0.761	6.140	6.700	5.740
21, 23, 1, 5, 	4.136	4.162	0.637	1.000	6.140	7.401	4.136
21, 23, 1, 5, 12, 	4.136	4.162	0.623	1.000	6.803	8.067	4.136
21, 23, 1, 5, 12, 14, 	4.094	4.162	0.623	1.000	7.084	8.420	4.094
1.000	0.761	0.649	0.649	0.649	0.627	
0.761	1.000	0.637	0.637	0.685	0.648	
0.649	0.637	1.000	1.000	0.623	0.634	
0.649	0.637	1.000	1.000	0.623	0.634	
0.649	0.685	0.623	0.623	1.000	0.650	
0.627	0.648	0.634	0.634	0.650	1.000	
Group 2 Got Member: 2	47	22	27	32	43	
Representation node count: 0
4.435	4.461	4.293	4.362	4.416	4.343	
2, 47, 	4.435	4.461	0.754	0.754	5.544	5.560	5.528
2, 47, 22, 	4.293	4.461	0.674	0.775	6.157	6.882	5.850
2, 47, 22, 27, 	4.293	4.461	0.600	0.775	6.837	8.363	6.212
2, 47, 22, 27, 32, 	4.293	4.461	0.600	0.794	7.173	8.974	6.226
2, 47, 22, 27, 32, 43, 	4.293	4.461	0.600	0.794	7.422	9.401	6.343
1.000	0.754	0.674	0.678	0.794	0.713	
0.754	1.000	0.775	0.610	0.680	0.637	
0.674	0.775	1.000	0.600	0.620	0.617	
0.678	0.610	0.600	1.000	0.651	0.621	
0.794	0.680	0.620	0.651	1.000	0.683	
0.713	0.637	0.617	0.621	0.683	1.000	
Group 3 Got Member: 10	11	15	34	35	36	
Representation node count: 0
4.780	4.766	4.717	4.661	4.795	4.654	
10, 11, 	4.766	4.780	0.818	0.818	5.639	5.648	5.631
10, 11, 15, 	4.717	4.780	0.785	0.818	6.222	6.429	6.080
10, 11, 15, 34, 	4.661	4.780	0.737	0.818	6.707	7.332	6.302
10, 11, 15, 34, 35, 	4.661	4.795	0.737	0.832	6.865	7.672	6.323
10, 11, 15, 34, 35, 36, 	4.654	4.795	0.737	0.832	7.099	7.873	6.404
1.000	0.818	0.785	0.762	0.832	0.790	
0.818	1.000	0.794	0.777	0.811	0.793	
0.785	0.794	1.000	0.737	0.796	0.758	
0.762	0.777	0.737	1.000	0.809	0.769	
0.832	0.811	0.796	0.809	1.000	0.812	
0.790	0.793	0.758	0.769	0.812	1.000	
Group 4 Got Member: 24	37	39	49	3	30	
Representation node count: 0
5.054	4.860	5.033	4.933	4.971	4.907	
24, 37, 	4.860	5.054	0.732	0.732	6.284	6.406	6.161
24, 37, 39, 	4.860	5.054	0.732	0.786	6.796	7.264	6.533
24, 37, 39, 49, 	4.860	5.054	0.716	0.821	7.048	7.997	6.545
24, 37, 39, 49, 3, 	4.860	5.054	0.653	0.821	7.449	9.314	6.723
24, 37, 39, 49, 3, 30, 	4.860	5.054	0.640	0.821	7.670	9.903	6.828
1.000	0.732	0.742	0.716	0.653	0.734	
0.732	1.000	0.786	0.803	0.698	0.663	
0.742	0.786	1.000	0.821	0.723	0.685	
0.716	0.803	0.821	1.000	0.755	0.700	
0.653	0.698	0.723	0.755	1.000	0.640	
0.734	0.663	0.685	0.700	0.640	1.000	
Group 5 Got Member: 4	8	9	31	33	50	51	
Representation node count: 0
5.068	5.186	5.069	5.085	5.238	5.236	5.123	
4, 8, 	5.068	5.186	0.825	0.825	6.023	6.092	5.954
4, 8, 9, 	5.068	5.186	0.825	0.868	6.400	6.625	6.112
4, 8, 9, 31, 	5.068	5.186	0.775	0.868	6.831	7.502	6.326
4, 8, 9, 31, 33, 	5.068	5.238	0.775	0.868	7.302	7.849	6.447
4, 8, 9, 31, 33, 50, 	5.068	5.238	0.775	0.868	7.453	8.014	6.515
4, 8, 9, 31, 33, 50, 51, 	5.068	5.238	0.775	0.868	7.548	8.116	6.554
1.000	0.825	0.868	0.818	0.791	0.808	0.836	
0.825	1.000	0.832	0.775	0.784	0.830	0.846	
0.868	0.832	1.000	0.813	0.789	0.818	0.832	
0.818	0.775	0.813	1.000	0.777	0.776	0.809	
0.791	0.784	0.789	0.777	1.000	0.789	0.804	
0.808	0.830	0.818	0.776	0.789	1.000	0.803	
0.836	0.846	0.832	0.809	0.804	0.803	1.000	
Group 6 Got Member: 42	41	40	44	38	45	46	48	52	6	29	
Representation node count: 0
5.765	5.905	5.961	5.285	4.541	2.835	3.065	2.351	5.369	3.847	5.304	
42, 41, 	5.765	5.905	0.828	0.828	6.837	6.919	6.755
42, 41, 40, 	5.765	5.961	0.828	0.845	7.302	7.584	7.177
42, 41, 40, 44, 	5.285	5.961	0.808	0.845	7.468	8.190	6.854
42, 41, 40, 44, 38, 	4.541	5.961	0.608	0.845	7.778	11.841	6.025
42, 41, 40, 44, 38, 45, 	2.835	5.961	0.340	0.845	7.786	19.974	3.810
42, 41, 40, 44, 38, 45, 46, 	2.835	5.961	0.340	0.845	7.817	21.557	3.838
42, 41, 40, 44, 38, 45, 46, 48, 	2.351	5.961	0.292	0.845	7.833	25.305	3.197
42, 41, 40, 44, 38, 45, 46, 48, 52, 	2.351	5.961	0.292	0.851	7.875	26.706	3.166
42, 41, 40, 44, 38, 45, 46, 48, 52, 6, 	2.351	5.961	0.292	0.851	7.883	27.901	3.170
42, 41, 40, 44, 38, 45, 46, 48, 52, 6, 29, 	2.351	5.961	0.292	0.851	7.914	28.923	3.173
1.000	0.828	0.845	0.839	0.634	0.601	0.638	0.506	0.809	0.686	0.791	
0.828	1.000	0.840	0.808	0.631	0.565	0.597	0.507	0.823	0.683	0.789	
0.845	0.840	1.000	0.836	0.641	0.588	0.601	0.515	0.851	0.681	0.792	
0.839	0.808	0.836	1.000	0.608	0.598	0.602	0.514	0.826	0.711	0.782	
0.634	0.631	0.641	0.608	1.000	0.340	0.340	0.292	0.608	0.467	0.601	
0.601	0.565	0.588	0.598	0.340	1.000	0.689	0.685	0.582	0.513	0.496	
0.638	0.597	0.601	0.602	0.340	0.689	1.000	0.596	0.622	0.495	0.514	
0.506	0.507	0.515	0.514	0.292	0.685	0.596	1.000	0.529	0.447	0.448	
0.809	0.823	0.851	0.826	0.608	0.582	0.622	0.529	1.000	0.701	0.792	
0.686	0.683	0.681	0.711	0.467	0.513	0.495	0.447	0.701	1.000	0.639	
0.791	0.789	0.792	0.782	0.601	0.496	0.514	0.448	0.792	0.639	1.000	
Group 7 Got Member: 53	7	28	54	26	25	13	18	19	20	17	16	
Representation node count: 0
5.530	3.159	5.479	5.334	4.975	6.137	3.583	4.601	3.975	4.263	2.988	2.968	
53, 7, 	3.159	5.530	0.576	0.576	6.184	7.872	4.497
53, 7, 28, 	3.159	5.530	0.576	0.765	6.946	9.538	4.361
53, 7, 28, 54, 	3.159	5.530	0.576	0.800	7.271	10.725	4.396
53, 7, 28, 54, 26, 	3.159	5.530	0.488	0.800	7.650	13.348	4.532
53, 7, 28, 54, 26, 25, 	3.159	6.137	0.488	0.807	7.810	15.841	4.554
53, 7, 28, 54, 26, 25, 13, 	3.159	6.137	0.488	0.807	7.852	16.618	4.600
53, 7, 28, 54, 26, 25, 13, 18, 	3.159	6.137	0.488	0.814	7.875	17.206	4.564
53, 7, 28, 54, 26, 25, 13, 18, 19, 	3.159	6.137	0.488	0.814	7.898	17.650	4.579
53, 7, 28, 54, 26, 25, 13, 18, 19, 20, 	3.159	6.137	0.488	0.814	7.922	17.986	4.588
53, 7, 28, 54, 26, 25, 13, 18, 19, 20, 17, 	2.988	6.137	0.462	0.814	7.930	19.406	4.345
53, 7, 28, 54, 26, 25, 13, 18, 19, 20, 17, 16, 	2.968	6.137	0.352	0.814	7.953	26.015	4.319
1.000	0.576	0.765	0.788	0.677	0.793	0.621	0.716	0.673	0.673	0.570	0.537	
0.576	1.000	0.644	0.646	0.488	0.587	0.521	0.673	0.551	0.589	0.462	0.352	
0.765	0.644	1.000	0.800	0.636	0.768	0.616	0.814	0.634	0.705	0.584	0.542	
0.788	0.646	0.800	1.000	0.660	0.807	0.677	0.754	0.694	0.750	0.602	0.569	
0.677	0.488	0.636	0.660	1.000	0.709	0.505	0.566	0.571	0.617	0.478	0.398	
0.793	0.587	0.768	0.807	0.709	1.000	0.633	0.719	0.682	0.723	0.560	0.516	
0.621	0.521	0.616	0.677	0.505	0.633	1.000	0.595	0.599	0.588	0.471	0.428	
0.716	0.673	0.814	0.754	0.566	0.719	0.595	1.000	0.611	0.651	0.546	0.556	
0.673	0.551	0.634	0.694	0.571	0.682	0.599	0.611	1.000	0.675	0.550	0.480	
0.673	0.589	0.705	0.750	0.617	0.723	0.588	0.651	0.675	1.000	0.581	0.481	
0.570	0.462	0.584	0.602	0.478	0.560	0.471	0.546	0.550	0.581	1.000	0.367	
0.537	0.352	0.542	0.569	0.398	0.516	0.428	0.556	0.480	0.481	0.367	1.000	
Round 1024:
Group 1 Got Member: 18	34	35	39	9	13	42	
Representation node count: 0
3.977	3.849	3.828	3.983	3.803	3.986	3.946	
18, 34, 	3.849	3.977	0.759	0.759	4.855	4.934	4.775
18, 34, 35, 	3.828	3.977	0.759	0.780	5.304	5.528	5.185
18, 34, 35, 39, 	3.828	3.983	0.759	0.799	5.680	5.906	5.334
18, 34, 35, 39, 9, 	3.803	3.983	0.694	0.799	6.134	6.861	5.465
18, 34, 35, 39, 9, 13, 	3.803	3.986	0.659	0.799	6.596	7.553	5.564
18, 34, 35, 39, 9, 13, 42, 	3.803	3.986	0.611	0.799	6.963	8.490	5.623
1.000	0.759	0.780	0.765	0.694	0.720	0.647	
0.759	1.000	0.775	0.799	0.732	0.694	0.688	
0.780	0.775	1.000	0.773	0.712	0.737	0.648	
0.765	0.799	0.773	1.000	0.710	0.745	0.680	
0.694	0.732	0.712	0.710	1.000	0.659	0.654	
0.720	0.694	0.737	0.745	0.659	1.000	0.611	
0.647	0.688	0.648	0.680	0.654	0.611	1.000	
Group 2 Got Member: 37	41	11	15	22	24	
Representation node count: 0
4.098	4.128	4.093	4.043	4.009	4.100	
37, 41, 	4.098	4.128	0.746	0.746	5.159	5.177	5.140
37, 41, 11, 	4.093	4.128	0.658	0.746	5.984	6.483	5.787
37, 41, 11, 15, 	4.043	4.128	0.609	0.746	6.410	7.643	6.121
37, 41, 11, 15, 22, 	4.009	4.128	0.609	0.746	6.722	8.186	6.321
37, 41, 11, 15, 22, 24, 	4.009	4.128	0.567	0.746	7.221	9.237	6.478
1.000	0.746	0.701	0.743	0.713	0.619	
0.746	1.000	0.658	0.673	0.669	0.607	
0.701	0.658	1.000	0.609	0.684	0.574	
0.743	0.673	0.609	1.000	0.679	0.567	
0.713	0.669	0.684	0.679	1.000	0.608	
0.619	0.607	0.574	0.567	0.608	1.000	
Group 3 Got Member: 1	5	6	12	4	40	
Representation node count: 0
4.198	4.198	4.210	4.272	4.157	4.162	
1, 5, 	4.198	4.198	1.000	1.000	4.198	4.198	4.198
1, 5, 6, 	4.198	4.210	0.795	1.000	5.065	5.592	4.198
1, 5, 6, 12, 	4.198	4.272	0.761	1.000	5.723	6.320	4.198
1, 5, 6, 12, 4, 	4.157	4.272	0.674	1.000	6.307	7.608	4.157
1, 5, 6, 12, 4, 40, 	4.157	4.272	0.652	1.000	6.888	8.193	4.157
1.000	1.000	0.795	0.761	0.783	0.657	
1.000	1.000	0.795	0.761	0.783	0.657	
0.795	0.795	1.000	0.761	0.753	0.695	
0.761	0.761	0.761	1.000	0.674	0.655	
0.783	0.783	0.753	0.674	1.000	0.652	
0.657	0.657	0.695	0.655	0.652	1.000	
Group 4 Got Member: 10	32	33	31	44	29	
Representation node count: 0
4.404	4.376	4.303	4.459	4.328	4.396	
10, 32, 	4.376	4.404	0.777	0.777	5.368	5.385	5.351
10, 32, 33, 	4.303	4.404	0.774	0.797	5.885	6.012	5.702
10, 32, 33, 31, 	4.303	4.459	0.674	0.797	6.595	7.512	6.018
10, 32, 33, 31, 44, 	4.303	4.459	0.616	0.797	7.006	8.741	6.208
10, 32, 33, 31, 44, 29, 	4.303	4.459	0.566	0.797	7.315	10.006	6.323
1.000	0.777	0.797	0.722	0.661	0.663	
0.777	1.000	0.774	0.674	0.670	0.694	
0.797	0.774	1.000	0.704	0.666	0.690	
0.722	0.674	0.704	1.000	0.616	0.607	
0.661	0.670	0.666	0.616	1.000	0.566	
0.663	0.694	0.690	0.607	0.566	1.000	
Group 5 Got Member: 17	19	47	52	28	3	
Representation node count: 0
4.542	4.671	4.631	4.472	4.530	4.535	
17, 19, 	4.542	4.671	0.772	0.772	5.658	5.737	5.578
17, 19, 47, 	4.542	4.671	0.750	0.772	6.218	6.565	6.215
17, 19, 47, 52, 	4.472	4.671	0.711	0.772	6.562	7.447	6.504
17, 19, 47, 52, 28, 	4.472	4.671	0.619	0.772	7.230	9.115	6.740
17, 19, 47, 52, 28, 3, 	4.472	4.671	0.587	0.772	7.471	10.091	6.885
1.000	0.772	0.770	0.743	0.623	0.740	
0.772	1.000	0.750	0.711	0.619	0.705	
0.770	0.750	1.000	0.755	0.642	0.726	
0.743	0.711	0.755	1.000	0.633	0.686	
0.623	0.619	0.642	0.633	1.000	0.587	
0.740	0.705	0.726	0.686	0.587	1.000	
Group 6 Got Member: 7	38	43	46	48	53	
Representation node count: 0
4.945	5.106	4.959	5.111	5.110	5.106	
7, 38, 	4.945	5.106	0.739	0.739	6.337	6.438	6.235
7, 38, 43, 	4.945	5.106	0.739	0.822	6.730	7.278	6.340
7, 38, 43, 46, 	4.945	5.111	0.735	0.822	7.102	7.861	6.645
7, 38, 43, 46, 48, 	4.945	5.111	0.735	0.841	7.293	8.203	6.602
7, 38, 43, 46, 48, 53, 	4.945	5.111	0.735	0.841	7.491	8.424	6.690
1.000	0.739	0.822	0.821	0.841	0.808	
0.739	1.000	0.770	0.735	0.753	0.735	
0.822	0.770	1.000	0.801	0.817	0.810	
0.821	0.735	0.801	1.000	0.832	0.791	
0.841	0.753	0.817	0.832	1.000	0.828	
0.808	0.735	0.810	0.791	0.828	1.000	
Group 7 Got Member: 50	51	49	54	8	45	2	14	
Representation node count: 0
4.692	4.718	3.765	3.491	3.469	5.330	3.444	2.906	
50, 51, 	4.692	4.718	0.775	0.775	5.763	5.779	5.747
50, 51, 49, 	3.765	4.718	0.715	0.776	6.057	6.926	5.123
50, 51, 49, 54, 	3.491	4.718	0.596	0.776	6.462	8.902	5.042
50, 51, 49, 54, 8, 	3.469	4.718	0.496	0.776	6.716	11.244	5.188
50, 51, 49, 54, 8, 45, 	3.469	5.330	0.496	0.819	7.071	13.562	4.890
50, 51, 49, 54, 8, 45, 2, 	3.444	5.330	0.496	0.819	7.217	14.209	4.900
50, 51, 49, 54, 8, 45, 2, 14, 	2.906	5.330	0.417	0.819	7.423	17.332	4.157
1.000	0.775	0.715	0.596	0.627	0.801	0.684	0.515	
0.775	1.000	0.776	0.648	0.716	0.819	0.713	0.508	
0.715	0.776	1.000	0.647	0.673	0.751	0.713	0.485	
0.596	0.648	0.647	1.000	0.496	0.659	0.583	0.417	
0.627	0.716	0.673	0.496	1.000	0.685	0.603	0.426	
0.801	0.819	0.751	0.659	0.685	1.000	0.686	0.547	
0.684	0.713	0.713	0.583	0.603	0.686	1.000	0.493	
0.515	0.508	0.485	0.417	0.426	0.547	0.493	1.000	
Group 8 Got Member: 36	16	21	27	30	23	20	26	25	
Representation node count: 0
3.484	3.729	4.800	5.243	4.703	5.239	2.907	3.591	3.720	
36, 16, 	3.484	3.729	0.567	0.567	5.167	5.342	4.991
36, 16, 21, 	3.484	4.800	0.567	0.698	5.947	8.364	5.220
36, 16, 21, 27, 	3.484	5.243	0.567	0.778	6.705	10.301	5.022
36, 16, 21, 27, 30, 	3.484	5.243	0.567	0.802	7.011	11.134	4.987
36, 16, 21, 27, 30, 23, 	3.484	5.243	0.567	0.830	7.265	11.732	4.811
36, 16, 21, 27, 30, 23, 20, 	2.907	5.243	0.468	0.830	7.389	14.747	4.049
36, 16, 21, 27, 30, 23, 20, 26, 	2.907	5.243	0.425	0.830	7.592	16.763	4.068
36, 16, 21, 27, 30, 23, 20, 26, 25, 	2.907	5.243	0.363	0.830	7.788	19.934	4.080
1.000	0.567	0.698	0.687	0.692	0.699	0.613	0.451	0.402	
0.567	1.000	0.688	0.665	0.639	0.687	0.468	0.460	0.393	
0.698	0.688	1.000	0.778	0.802	0.830	0.630	0.540	0.521	
0.687	0.665	0.778	1.000	0.780	0.824	0.609	0.543	0.521	
0.692	0.639	0.802	0.780	1.000	0.830	0.597	0.518	0.518	
0.699	0.687	0.830	0.824	0.830	1.000	0.607	0.545	0.538	
0.613	0.468	0.630	0.609	0.597	0.607	1.000	0.425	0.377	
0.451	0.460	0.540	0.543	0.518	0.545	0.425	1.000	0.363	
0.402	0.393	0.521	0.521	0.518	0.538	0.377	0.363	1.000	
Round 1280:
Group 1 Got Member: 9	13	33	39	20	31	
Representation node count: 0
3.813	3.943	3.793	3.779	3.949	3.755	
9, 13, 	3.813	3.943	0.731	0.731	4.922	5.005	4.840
9, 13, 33, 	3.793	3.943	0.703	0.731	5.585	5.877	5.462
9, 13, 33, 39, 	3.779	3.943	0.703	0.731	6.010	6.370	5.851
9, 13, 33, 39, 20, 	3.779	3.949	0.675	0.753	6.279	7.017	5.883
9, 13, 33, 39, 20, 31, 	3.755	3.949	0.574	0.753	6.711	8.730	5.986
1.000	0.731	0.703	0.722	0.753	0.646	
0.731	1.000	0.710	0.725	0.719	0.611	
0.703	0.710	1.000	0.708	0.675	0.574	
0.722	0.725	0.708	1.000	0.724	0.644	
0.753	0.719	0.675	0.724	1.000	0.638	
0.646	0.611	0.574	0.644	0.638	1.000	
Group 2 Got Member: 16	25	29	42	32	15	
Representation node count: 0
4.524	4.604	4.625	4.647	4.556	4.589	
16, 25, 	4.524	4.604	0.704	0.704	5.913	5.965	5.861
16, 25, 29, 	4.524	4.625	0.704	0.747	6.452	6.878	6.386
16, 25, 29, 42, 	4.524	4.647	0.704	0.757	6.852	7.489	6.733
16, 25, 29, 42, 32, 	4.524	4.647	0.626	0.757	7.300	8.956	6.998
16, 25, 29, 42, 32, 15, 	4.524	4.647	0.572	0.757	7.518	10.317	7.162
1.000	0.704	0.743	0.710	0.626	0.636	
0.704	1.000	0.747	0.718	0.673	0.622	
0.743	0.747	1.000	0.757	0.682	0.685	
0.710	0.718	0.757	1.000	0.650	0.637	
0.626	0.673	0.682	0.650	1.000	0.572	
0.636	0.622	0.685	0.637	0.572	1.000	
Group 3 Got Member: 48	46	53	44	7	43	10	37	41	11	35	
Representation node count: 0
4.247	4.375	4.123	5.503	3.595	4.241	3.578	3.162	4.846	3.769	3.369	
48, 46, 	4.247	4.375	0.750	0.750	5.387	5.467	5.308
48, 46, 53, 	4.123	4.375	0.717	0.750	6.049	6.406	5.796
48, 46, 53, 44, 	4.123	5.503	0.717	0.788	6.685	8.698	5.843
48, 46, 53, 44, 7, 	3.595	5.503	0.717	0.788	6.827	9.108	5.265
48, 46, 53, 44, 7, 43, 	3.595	5.503	0.717	0.801	6.952	9.372	5.245
48, 46, 53, 44, 7, 43, 10, 	3.578	5.503	0.698	0.801	7.095	9.911	5.274
48, 46, 53, 44, 7, 43, 10, 37, 	3.162	5.503	0.675	0.801	7.142	10.510	4.691
48, 46, 53, 44, 7, 43, 10, 37, 41, 	3.162	5.503	0.675	0.815	7.291	10.610	4.576
48, 46, 53, 44, 7, 43, 10, 37, 41, 11, 	3.162	5.503	0.541	0.815	7.419	14.288	4.585
48, 46, 53, 44, 7, 43, 10, 37, 41, 11, 35, 	3.162	5.503	0.541	0.815	7.473	14.435	4.590
1.000	0.750	0.744	0.779	0.740	0.783	0.755	0.738	0.778	0.614	0.745	
0.750	1.000	0.717	0.788	0.725	0.785	0.727	0.711	0.766	0.638	0.701	
0.744	0.717	1.000	0.753	0.738	0.747	0.698	0.675	0.731	0.610	0.689	
0.779	0.788	0.753	1.000	0.723	0.801	0.725	0.680	0.815	0.683	0.710	
0.740	0.725	0.738	0.723	1.000	0.741	0.734	0.726	0.698	0.604	0.752	
0.783	0.785	0.747	0.801	0.741	1.000	0.741	0.719	0.749	0.652	0.740	
0.755	0.727	0.698	0.725	0.734	0.741	1.000	0.757	0.713	0.553	0.745	
0.738	0.711	0.675	0.680	0.726	0.719	0.757	1.000	0.688	0.541	0.752	
0.778	0.766	0.731	0.815	0.698	0.749	0.713	0.688	1.000	0.621	0.715	
0.614	0.638	0.610	0.683	0.604	0.652	0.553	0.541	0.621	1.000	0.587	
0.745	0.701	0.689	0.710	0.752	0.740	0.745	0.752	0.715	0.587	1.000	
Group 4 Got Member: 38	36	34	18	30	27	21	23	26	22	24	
Representation node count: 0
4.408	3.379	3.650	3.289	4.283	5.045	2.504	2.960	4.904	2.429	3.146	
38, 36, 	3.379	4.408	0.694	0.694	5.083	5.756	4.411
38, 36, 34, 	3.379	4.408	0.694	0.765	5.426	6.635	4.663
38, 36, 34, 18, 	3.289	4.408	0.694	0.765	5.671	7.209	4.833
38, 36, 34, 18, 30, 	3.289	4.408	0.693	0.765	6.183	7.599	5.015
38, 36, 34, 18, 30, 27, 	3.289	5.045	0.608	0.765	6.920	10.481	5.127
38, 36, 34, 18, 30, 27, 21, 	2.504	5.045	0.459	0.765	7.037	14.440	3.957
38, 36, 34, 18, 30, 27, 21, 23, 	2.504	5.045	0.381	0.765	7.307	17.723	3.990
38, 36, 34, 18, 30, 27, 21, 23, 26, 	2.504	5.045	0.381	0.798	7.425	18.436	3.754
38, 36, 34, 18, 30, 27, 21, 23, 26, 22, 	2.429	5.045	0.355	0.798	7.532	20.228	3.650
38, 36, 34, 18, 30, 27, 21, 23, 26, 22, 24, 	2.429	5.045	0.355	0.798	7.676	20.803	3.655
1.000	0.694	0.765	0.705	0.762	0.716	0.522	0.522	0.798	0.540	0.571	
0.694	1.000	0.746	0.721	0.694	0.681	0.544	0.527	0.749	0.486	0.542	
0.765	0.746	1.000	0.720	0.763	0.661	0.585	0.498	0.771	0.532	0.564	
0.705	0.721	0.720	1.000	0.693	0.608	0.606	0.501	0.701	0.546	0.527	
0.762	0.694	0.763	0.693	1.000	0.680	0.536	0.511	0.774	0.524	0.538	
0.716	0.681	0.661	0.608	0.680	1.000	0.459	0.479	0.750	0.443	0.487	
0.522	0.544	0.585	0.606	0.536	0.459	1.000	0.381	0.553	0.430	0.380	
0.522	0.527	0.498	0.501	0.511	0.479	0.381	1.000	0.536	0.355	0.355	
0.798	0.749	0.771	0.701	0.774	0.750	0.553	0.536	1.000	0.534	0.579	
0.540	0.486	0.532	0.546	0.524	0.443	0.430	0.355	0.534	1.000	0.387	
0.571	0.542	0.564	0.527	0.538	0.487	0.380	0.355	0.579	0.387	1.000	
