Round 256:
Group 1 Got Member: 49	46	48	47	40	54	44	45	36	39	43	35	50	42	33	52	41	34	22	20	32	4	19	11	51	18	38	
Representation node count: 0
2.431	2.242	2.256	2.300	2.191	1.884	2.199	1.975	2.493	2.004	1.964	2.275	2.741	2.208	2.529	2.337	2.038	2.187	1.700	2.644	2.065	2.077	1.973	2.016	2.033	2.362	2.179	
49, 46, 	2.242	2.431	0.470	0.470	3.576	3.720	3.431
49, 46, 48, 	2.242	2.431	0.436	0.472	4.549	4.874	4.328
49, 46, 48, 47, 	2.242	2.431	0.430	0.472	5.375	5.759	5.018
49, 46, 48, 47, 40, 	2.191	2.431	0.274	0.472	6.132	8.168	5.420
49, 46, 48, 47, 40, 54, 	1.884	2.431	0.274	0.505	6.462	9.147	4.719
49, 46, 48, 47, 40, 54, 44, 	1.884	2.431	0.255	0.505	6.849	10.360	4.937
49, 46, 48, 47, 40, 54, 44, 45, 	1.884	2.431	0.255	0.528	7.094	11.157	4.855
49, 46, 48, 47, 40, 54, 44, 45, 36, 	1.884	2.493	0.234	0.528	7.367	12.786	4.959
49, 46, 48, 47, 40, 54, 44, 45, 36, 39, 	1.884	2.493	0.234	0.528	7.422	13.492	5.035
49, 46, 48, 47, 40, 54, 44, 45, 36, 39, 43, 	1.884	2.493	0.195	0.528	7.558	15.696	5.092
49, 46, 48, 47, 40, 54, 44, 45, 36, 39, 43, 35, 	1.884	2.493	0.195	0.528	7.634	16.415	5.133
49, 46, 48, 47, 40, 54, 44, 45, 36, 39, 43, 35, 50, 	1.884	2.741	0.195	0.600	7.706	18.764	4.365
49, 46, 48, 47, 40, 54, 44, 45, 36, 39, 43, 35, 50, 42, 	1.884	2.741	0.195	0.600	7.748	19.408	4.376
49, 46, 48, 47, 40, 54, 44, 45, 36, 39, 43, 35, 50, 42, 33, 	1.884	2.741	0.186	0.600	7.804	20.602	4.383
49, 46, 48, 47, 40, 54, 44, 45, 36, 39, 43, 35, 50, 42, 33, 52, 	1.884	2.741	0.186	0.600	7.827	21.170	4.388
49, 46, 48, 47, 40, 54, 44, 45, 36, 39, 43, 35, 50, 42, 33, 52, 41, 	1.884	2.741	0.186	0.600	7.861	21.685	4.392
49, 46, 48, 47, 40, 54, 44, 45, 36, 39, 43, 35, 50, 42, 33, 52, 41, 34, 	1.884	2.741	0.186	0.600	7.885	22.152	4.394
49, 46, 48, 47, 40, 54, 44, 45, 36, 39, 43, 35, 50, 42, 33, 52, 41, 34, 22, 	1.700	2.741	0.186	0.600	7.908	22.576	3.965
49, 46, 48, 47, 40, 54, 44, 45, 36, 39, 43, 35, 50, 42, 33, 52, 41, 34, 22, 20, 	1.700	2.741	0.186	0.600	7.945	22.960	3.967
49, 46, 48, 47, 40, 54, 44, 45, 36, 39, 43, 35, 50, 42, 33, 52, 41, 34, 22, 20, 32, 	1.700	2.741	0.186	0.627	7.953	23.308	3.724
49, 46, 48, 47, 40, 54, 44, 45, 36, 39, 43, 35, 50, 42, 33, 52, 41, 34, 22, 20, 32, 4, 	1.700	2.741	0.124	0.627	7.961	31.344	3.724
49, 46, 48, 47, 40, 54, 44, 45, 36, 39, 43, 35, 50, 42, 33, 52, 41, 34, 22, 20, 32, 4, 19, 	1.700	2.741	0.124	0.627	7.969	31.969	3.724
49, 46, 48, 47, 40, 54, 44, 45, 36, 39, 43, 35, 50, 42, 33, 52, 41, 34, 22, 20, 32, 4, 19, 11, 	1.700	2.741	0.124	0.627	7.984	32.555	3.724
49, 46, 48, 47, 40, 54, 44, 45, 36, 39, 43, 35, 50, 42, 33, 52, 41, 34, 22, 20, 32, 4, 19, 11, 51, 	1.700	2.741	0.124	0.627	7.984	33.104	3.725
49, 46, 48, 47, 40, 54, 44, 45, 36, 39, 43, 35, 50, 42, 33, 52, 41, 34, 22, 20, 32, 4, 19, 11, 51, 18, 	1.700	2.741	0.124	0.627	7.992	33.620	3.725
49, 46, 48, 47, 40, 54, 44, 45, 36, 39, 43, 35, 50, 42, 33, 52, 41, 34, 22, 20, 32, 4, 19, 11, 51, 18, 38, 	1.700	2.741	0.124	0.627	7.992	34.103	3.725
1.000	0.470	0.472	0.433	0.324	0.421	0.364	0.381	0.278	0.490	0.292	0.382	0.335	0.396	0.334	0.511	0.540	0.359	0.384	0.332	0.445	0.270	0.518	0.311	0.407	0.336	0.419	
0.470	1.000	0.436	0.446	0.274	0.365	0.388	0.382	0.296	0.504	0.281	0.342	0.321	0.371	0.326	0.459	0.477	0.339	0.347	0.292	0.344	0.221	0.463	0.244	0.336	0.282	0.357	
0.472	0.436	1.000	0.430	0.326	0.339	0.316	0.386	0.316	0.494	0.269	0.411	0.343	0.369	0.315	0.436	0.471	0.377	0.278	0.302	0.336	0.220	0.437	0.264	0.269	0.304	0.290	
0.433	0.446	0.430	1.000	0.298	0.505	0.454	0.454	0.298	0.468	0.219	0.357	0.318	0.394	0.384	0.515	0.500	0.371	0.302	0.395	0.449	0.212	0.539	0.237	0.346	0.312	0.366	
0.324	0.274	0.326	0.298	1.000	0.282	0.255	0.323	0.356	0.398	0.236	0.333	0.412	0.321	0.311	0.356	0.362	0.328	0.227	0.309	0.312	0.209	0.318	0.290	0.279	0.415	0.255	
0.421	0.365	0.339	0.505	0.282	1.000	0.496	0.528	0.234	0.445	0.195	0.288	0.269	0.466	0.436	0.551	0.503	0.283	0.410	0.506	0.627	0.276	0.523	0.255	0.344	0.369	0.516	
0.364	0.388	0.316	0.454	0.255	0.496	1.000	0.517	0.257	0.416	0.227	0.293	0.281	0.412	0.375	0.496	0.390	0.285	0.316	0.394	0.475	0.166	0.481	0.190	0.267	0.304	0.334	
0.381	0.382	0.386	0.454	0.323	0.528	0.517	1.000	0.239	0.428	0.242	0.288	0.293	0.434	0.435	0.543	0.424	0.287	0.350	0.405	0.446	0.124	0.485	0.203	0.266	0.325	0.347	
0.278	0.296	0.316	0.298	0.356	0.234	0.257	0.239	1.000	0.321	0.349	0.387	0.600	0.298	0.328	0.275	0.384	0.396	0.206	0.295	0.256	0.369	0.378	0.285	0.301	0.315	0.323	
0.490	0.504	0.494	0.468	0.398	0.445	0.416	0.428	0.321	1.000	0.300	0.417	0.340	0.526	0.460	0.493	0.528	0.375	0.359	0.381	0.402	0.277	0.462	0.262	0.336	0.436	0.389	
0.292	0.281	0.269	0.219	0.236	0.195	0.227	0.242	0.349	0.300	1.000	0.290	0.435	0.202	0.186	0.301	0.387	0.337	0.239	0.240	0.303	0.240	0.409	0.306	0.315	0.311	0.345	
0.382	0.342	0.411	0.357	0.333	0.288	0.293	0.288	0.387	0.417	0.290	1.000	0.398	0.269	0.277	0.316	0.483	0.484	0.229	0.283	0.320	0.259	0.471	0.300	0.387	0.307	0.280	
0.335	0.321	0.343	0.318	0.412	0.269	0.281	0.293	0.600	0.340	0.435	0.398	1.000	0.328	0.306	0.311	0.418	0.436	0.214	0.323	0.336	0.330	0.390	0.307	0.321	0.350	0.369	
0.396	0.371	0.369	0.394	0.321	0.466	0.412	0.434	0.298	0.526	0.202	0.269	0.328	1.000	0.425	0.453	0.404	0.277	0.310	0.401	0.458	0.231	0.392	0.212	0.266	0.390	0.379	
0.334	0.326	0.315	0.384	0.311	0.436	0.375	0.435	0.328	0.460	0.186	0.277	0.306	0.425	1.000	0.436	0.391	0.293	0.298	0.420	0.366	0.182	0.378	0.165	0.236	0.395	0.348	
0.511	0.459	0.436	0.515	0.356	0.551	0.496	0.543	0.275	0.493	0.301	0.316	0.311	0.453	0.436	1.000	0.523	0.325	0.376	0.473	0.519	0.219	0.527	0.286	0.367	0.428	0.449	
0.540	0.477	0.471	0.500	0.362	0.503	0.390	0.424	0.384	0.528	0.387	0.483	0.418	0.404	0.391	0.523	1.000	0.461	0.377	0.438	0.495	0.344	0.620	0.304	0.500	0.435	0.498	
0.359	0.339	0.377	0.371	0.328	0.283	0.285	0.287	0.396	0.375	0.337	0.484	0.436	0.277	0.293	0.325	0.461	1.000	0.264	0.294	0.312	0.299	0.515	0.359	0.351	0.331	0.307	
0.384	0.347	0.278	0.302	0.227	0.410	0.316	0.350	0.206	0.359	0.239	0.229	0.214	0.310	0.298	0.376	0.377	0.264	1.000	0.306	0.368	0.185	0.419	0.235	0.277	0.274	0.400	
0.332	0.292	0.302	0.395	0.309	0.506	0.394	0.405	0.295	0.381	0.240	0.283	0.323	0.401	0.420	0.473	0.438	0.294	0.306	1.000	0.542	0.250	0.437	0.247	0.343	0.397	0.386	
0.445	0.344	0.336	0.449	0.312	0.627	0.475	0.446	0.256	0.402	0.303	0.320	0.336	0.458	0.366	0.519	0.495	0.312	0.368	0.542	1.000	0.314	0.519	0.334	0.388	0.435	0.473	
0.270	0.221	0.220	0.212	0.209	0.276	0.166	0.124	0.369	0.277	0.240	0.259	0.330	0.231	0.182	0.219	0.344	0.299	0.185	0.250	0.314	1.000	0.257	0.298	0.328	0.301	0.443	
0.518	0.463	0.437	0.539	0.318	0.523	0.481	0.485	0.378	0.462	0.409	0.471	0.390	0.392	0.378	0.527	0.620	0.515	0.419	0.437	0.519	0.257	1.000	0.319	0.470	0.396	0.471	
0.311	0.244	0.264	0.237	0.290	0.255	0.190	0.203	0.285	0.262	0.306	0.300	0.307	0.212	0.165	0.286	0.304	0.359	0.235	0.247	0.334	0.298	0.319	1.000	0.351	0.311	0.316	
0.407	0.336	0.269	0.346	0.279	0.344	0.267	0.266	0.301	0.336	0.315	0.387	0.321	0.266	0.236	0.367	0.500	0.351	0.277	0.343	0.388	0.328	0.470	0.351	1.000	0.325	0.448	
0.336	0.282	0.304	0.312	0.415	0.369	0.304	0.325	0.315	0.436	0.311	0.307	0.350	0.390	0.395	0.428	0.435	0.331	0.274	0.397	0.435	0.301	0.396	0.311	0.325	1.000	0.388	
0.419	0.357	0.290	0.366	0.255	0.516	0.334	0.347	0.323	0.389	0.345	0.280	0.369	0.379	0.348	0.449	0.498	0.307	0.400	0.386	0.473	0.443	0.471	0.316	0.448	0.388	1.000	
Group 2 Got Member: 53	26	27	37	21	7	25	6	29	14	12	10	31	30	16	8	17	28	2	5	15	1	13	9	24	3	23	
Representation node count: 0
2.155	2.130	1.729	1.929	1.660	2.163	2.001	2.185	1.585	2.308	1.635	2.024	1.675	1.523	1.891	1.659	2.176	2.002	1.810	1.350	2.240	2.430	2.062	1.674	2.035	2.014	1.977	
53, 26, 	2.130	2.155	0.332	0.332	3.573	3.594	3.552
53, 26, 27, 	1.729	2.155	0.332	0.381	4.267	4.794	3.666
53, 26, 27, 37, 	1.729	2.155	0.244	0.381	5.058	6.473	4.367
53, 26, 27, 37, 21, 	1.660	2.155	0.244	0.442	5.441	7.577	4.306
53, 26, 27, 37, 21, 7, 	1.660	2.163	0.216	0.442	5.853	9.003	4.647
53, 26, 27, 37, 21, 7, 25, 	1.660	2.163	0.216	0.470	6.078	9.961	4.654
53, 26, 27, 37, 21, 7, 25, 6, 	1.660	2.185	0.216	0.470	6.305	10.929	4.830
53, 26, 27, 37, 21, 7, 25, 6, 29, 	1.585	2.185	0.198	0.470	6.507	12.192	4.740
53, 26, 27, 37, 21, 7, 25, 6, 29, 14, 	1.585	2.308	0.198	0.592	6.684	13.678	3.676
53, 26, 27, 37, 21, 7, 25, 6, 29, 14, 12, 	1.585	2.308	0.198	0.592	6.787	14.401	3.704
53, 26, 27, 37, 21, 7, 25, 6, 29, 14, 12, 10, 	1.585	2.308	0.198	0.604	6.875	15.053	3.620
53, 26, 27, 37, 21, 7, 25, 6, 29, 14, 12, 10, 31, 	1.585	2.308	0.185	0.604	7.028	16.274	3.631
53, 26, 27, 37, 21, 7, 25, 6, 29, 14, 12, 10, 31, 30, 	1.523	2.308	0.185	0.604	7.156	16.859	3.499
53, 26, 27, 37, 21, 7, 25, 6, 29, 14, 12, 10, 31, 30, 16, 	1.523	2.308	0.185	0.604	7.240	17.390	3.504
53, 26, 27, 37, 21, 7, 25, 6, 29, 14, 12, 10, 31, 30, 16, 8, 	1.523	2.308	0.185	0.604	7.322	17.871	3.508
53, 26, 27, 37, 21, 7, 25, 6, 29, 14, 12, 10, 31, 30, 16, 8, 17, 	1.523	2.308	0.185	0.604	7.431	18.308	3.511
53, 26, 27, 37, 21, 7, 25, 6, 29, 14, 12, 10, 31, 30, 16, 8, 17, 28, 	1.523	2.308	0.185	0.604	7.472	18.704	3.513
53, 26, 27, 37, 21, 7, 25, 6, 29, 14, 12, 10, 31, 30, 16, 8, 17, 28, 2, 	1.523	2.308	0.185	0.604	7.557	19.064	3.514
53, 26, 27, 37, 21, 7, 25, 6, 29, 14, 12, 10, 31, 30, 16, 8, 17, 28, 2, 5, 	1.350	2.308	0.185	0.604	7.598	19.390	3.116
53, 26, 27, 37, 21, 7, 25, 6, 29, 14, 12, 10, 31, 30, 16, 8, 17, 28, 2, 5, 15, 	1.350	2.308	0.185	0.604	7.644	19.686	3.116
53, 26, 27, 37, 21, 7, 25, 6, 29, 14, 12, 10, 31, 30, 16, 8, 17, 28, 2, 5, 15, 1, 	1.350	2.430	0.185	0.604	7.720	21.009	3.117
53, 26, 27, 37, 21, 7, 25, 6, 29, 14, 12, 10, 31, 30, 16, 8, 17, 28, 2, 5, 15, 1, 13, 	1.350	2.430	0.185	0.604	7.749	21.265	3.117
53, 26, 27, 37, 21, 7, 25, 6, 29, 14, 12, 10, 31, 30, 16, 8, 17, 28, 2, 5, 15, 1, 13, 9, 	1.350	2.430	0.185	0.604	7.765	21.498	3.117
53, 26, 27, 37, 21, 7, 25, 6, 29, 14, 12, 10, 31, 30, 16, 8, 17, 28, 2, 5, 15, 1, 13, 9, 24, 	1.350	2.430	0.185	0.604	7.802	21.709	3.117
53, 26, 27, 37, 21, 7, 25, 6, 29, 14, 12, 10, 31, 30, 16, 8, 17, 28, 2, 5, 15, 1, 13, 9, 24, 3, 	1.350	2.430	0.185	0.604	7.810	21.901	3.117
53, 26, 27, 37, 21, 7, 25, 6, 29, 14, 12, 10, 31, 30, 16, 8, 17, 28, 2, 5, 15, 1, 13, 9, 24, 3, 23, 	1.350	2.430	0.185	0.604	7.852	22.074	3.117
1.000	0.332	0.370	0.378	0.442	0.350	0.382	0.412	0.292	0.433	0.355	0.397	0.346	0.317	0.389	0.341	0.376	0.477	0.382	0.421	0.440	0.268	0.476	0.355	0.324	0.402	0.412	
0.332	1.000	0.381	0.244	0.374	0.216	0.368	0.315	0.233	0.429	0.353	0.362	0.323	0.277	0.445	0.359	0.353	0.265	0.409	0.421	0.241	0.309	0.496	0.300	0.329	0.313	0.279	
0.370	0.381	1.000	0.324	0.334	0.323	0.455	0.388	0.198	0.457	0.479	0.463	0.304	0.320	0.504	0.391	0.481	0.306	0.424	0.463	0.327	0.225	0.424	0.362	0.391	0.287	0.283	
0.378	0.244	0.324	1.000	0.276	0.410	0.368	0.446	0.354	0.366	0.399	0.359	0.249	0.318	0.281	0.379	0.379	0.309	0.348	0.378	0.387	0.244	0.291	0.286	0.397	0.402	0.351	
0.442	0.374	0.334	0.276	1.000	0.227	0.321	0.300	0.247	0.401	0.257	0.269	0.454	0.329	0.480	0.321	0.319	0.296	0.285	0.405	0.375	0.316	0.594	0.315	0.272	0.278	0.388	
0.350	0.216	0.323	0.410	0.227	1.000	0.470	0.447	0.360	0.412	0.431	0.520	0.185	0.302	0.277	0.395	0.338	0.425	0.310	0.320	0.326	0.270	0.271	0.319	0.332	0.455	0.377	
0.382	0.368	0.455	0.368	0.321	0.470	1.000	0.409	0.239	0.592	0.446	0.519	0.272	0.288	0.405	0.434	0.464	0.381	0.390	0.434	0.372	0.297	0.392	0.385	0.419	0.378	0.333	
0.412	0.315	0.388	0.446	0.300	0.447	0.409	1.000	0.418	0.421	0.533	0.459	0.291	0.408	0.309	0.422	0.409	0.453	0.378	0.472	0.384	0.277	0.352	0.379	0.412	0.420	0.369	
0.292	0.233	0.198	0.354	0.247	0.360	0.239	0.418	1.000	0.272	0.358	0.294	0.288	0.350	0.209	0.364	0.302	0.255	0.304	0.310	0.278	0.263	0.258	0.368	0.278	0.373	0.312	
0.433	0.429	0.457	0.366	0.401	0.412	0.592	0.421	0.272	1.000	0.460	0.604	0.337	0.335	0.458	0.431	0.464	0.413	0.405	0.456	0.377	0.359	0.491	0.431	0.435	0.419	0.361	
0.355	0.353	0.479	0.399	0.257	0.431	0.446	0.533	0.358	0.460	1.000	0.528	0.317	0.420	0.385	0.477	0.426	0.371	0.448	0.486	0.328	0.294	0.337	0.368	0.471	0.340	0.308	
0.397	0.362	0.463	0.359	0.269	0.520	0.519	0.459	0.294	0.604	0.528	1.000	0.298	0.382	0.372	0.485	0.475	0.457	0.411	0.375	0.360	0.335	0.357	0.446	0.429	0.414	0.367	
0.346	0.323	0.304	0.249	0.454	0.185	0.272	0.291	0.288	0.337	0.317	0.298	1.000	0.329	0.426	0.352	0.340	0.280	0.318	0.429	0.300	0.416	0.449	0.358	0.304	0.276	0.337	
0.317	0.277	0.320	0.318	0.329	0.302	0.288	0.408	0.350	0.335	0.420	0.382	0.329	1.000	0.320	0.444	0.382	0.326	0.368	0.443	0.297	0.289	0.324	0.359	0.353	0.339	0.365	
0.389	0.445	0.504	0.281	0.480	0.277	0.405	0.309	0.209	0.458	0.385	0.372	0.426	0.320	1.000	0.374	0.421	0.310	0.350	0.437	0.355	0.277	0.560	0.338	0.352	0.274	0.292	
0.341	0.359	0.391	0.379	0.321	0.395	0.434	0.422	0.364	0.431	0.477	0.485	0.352	0.444	0.374	1.000	0.554	0.347	0.383	0.447	0.359	0.251	0.398	0.409	0.486	0.482	0.441	
0.376	0.353	0.481	0.379	0.319	0.338	0.464	0.409	0.302	0.464	0.426	0.475	0.340	0.382	0.421	0.554	1.000	0.320	0.440	0.472	0.388	0.257	0.437	0.487	0.478	0.390	0.400	
0.477	0.265	0.306	0.309	0.296	0.425	0.381	0.453	0.255	0.413	0.371	0.457	0.280	0.326	0.310	0.347	0.320	1.000	0.330	0.362	0.419	0.297	0.332	0.319	0.327	0.390	0.369	
0.382	0.409	0.424	0.348	0.285	0.310	0.390	0.378	0.304	0.405	0.448	0.411	0.318	0.368	0.350	0.383	0.440	0.330	1.000	0.507	0.285	0.297	0.350	0.411	0.382	0.346	0.291	
0.421	0.421	0.463	0.378	0.405	0.320	0.434	0.472	0.310	0.456	0.486	0.375	0.429	0.443	0.437	0.447	0.472	0.362	0.507	1.000	0.347	0.319	0.483	0.415	0.412	0.362	0.386	
0.440	0.241	0.327	0.387	0.375	0.326	0.372	0.384	0.278	0.377	0.328	0.360	0.300	0.297	0.355	0.359	0.388	0.419	0.285	0.347	1.000	0.274	0.419	0.356	0.313	0.384	0.430	
0.268	0.309	0.225	0.244	0.316	0.270	0.297	0.277	0.263	0.359	0.294	0.335	0.416	0.289	0.277	0.251	0.257	0.297	0.297	0.319	0.274	1.000	0.295	0.253	0.220	0.299	0.267	
0.476	0.496	0.424	0.291	0.594	0.271	0.392	0.352	0.258	0.491	0.337	0.357	0.449	0.324	0.560	0.398	0.437	0.332	0.350	0.483	0.419	0.295	1.000	0.378	0.366	0.319	0.365	
0.355	0.300	0.362	0.286	0.315	0.319	0.385	0.379	0.368	0.431	0.368	0.446	0.358	0.359	0.338	0.409	0.487	0.319	0.411	0.415	0.356	0.253	0.378	1.000	0.425	0.397	0.349	
0.324	0.329	0.391	0.397	0.272	0.332	0.419	0.412	0.278	0.435	0.471	0.429	0.304	0.353	0.352	0.486	0.478	0.327	0.382	0.412	0.313	0.220	0.366	0.425	1.000	0.349	0.319	
0.402	0.313	0.287	0.402	0.278	0.455	0.378	0.420	0.373	0.419	0.340	0.414	0.276	0.339	0.274	0.482	0.390	0.390	0.346	0.362	0.384	0.299	0.319	0.397	0.349	1.000	0.450	
0.412	0.279	0.283	0.351	0.388	0.377	0.333	0.369	0.312	0.361	0.308	0.367	0.337	0.365	0.292	0.441	0.400	0.369	0.291	0.386	0.430	0.267	0.365	0.349	0.319	0.450	1.000	
Round 512:
Group 1 Got Member: 8	23	6	24	28	30	31	
Representation node count: 0
2.349	2.270	2.324	2.383	2.370	2.188	2.345	
8, 23, 	2.270	2.349	0.656	0.656	3.104	3.157	3.051
8, 23, 6, 	2.270	2.349	0.587	0.656	3.893	4.006	3.575
8, 23, 6, 24, 	2.270	2.383	0.519	0.656	4.658	5.005	3.928
8, 23, 6, 24, 28, 	2.270	2.383	0.519	0.656	5.106	5.470	4.165
8, 23, 6, 24, 28, 30, 	2.188	2.383	0.519	0.656	5.590	5.814	4.169
8, 23, 6, 24, 28, 30, 31, 	2.188	2.383	0.519	0.656	5.915	6.069	4.272
1.000	0.656	0.587	0.519	0.636	0.607	0.622	
0.656	1.000	0.594	0.548	0.602	0.544	0.555	
0.587	0.594	1.000	0.539	0.539	0.569	0.574	
0.519	0.548	0.539	1.000	0.567	0.527	0.622	
0.636	0.602	0.539	0.567	1.000	0.539	0.573	
0.607	0.544	0.569	0.527	0.539	1.000	0.576	
0.622	0.555	0.574	0.622	0.573	0.576	1.000	
Group 2 Got Member: 13	36	42	45	5	18	38	
Representation node count: 0
2.436	2.522	2.497	2.507	2.426	2.421	2.423	
13, 36, 	2.436	2.522	0.620	0.620	3.420	3.479	3.361
13, 36, 42, 	2.436	2.522	0.620	0.631	4.106	4.140	3.948
13, 36, 42, 45, 	2.436	2.522	0.620	0.673	4.548	4.595	4.114
13, 36, 42, 45, 5, 	2.426	2.522	0.579	0.673	4.949	5.256	4.329
13, 36, 42, 45, 5, 18, 	2.421	2.522	0.532	0.673	5.468	6.012	4.474
13, 36, 42, 45, 5, 18, 38, 	2.421	2.522	0.532	0.673	5.748	6.263	4.577
1.000	0.620	0.623	0.643	0.601	0.532	0.647	
0.620	1.000	0.631	0.658	0.651	0.615	0.597	
0.623	0.631	1.000	0.673	0.579	0.543	0.567	
0.643	0.658	0.673	1.000	0.662	0.611	0.649	
0.601	0.651	0.579	0.662	1.000	0.536	0.590	
0.532	0.615	0.543	0.611	0.536	1.000	0.572	
0.647	0.597	0.567	0.649	0.590	0.572	1.000	
Group 3 Got Member: 2	25	39	9	29	51	
Representation node count: 0
2.563	2.563	2.546	2.524	2.428	2.462	
2, 25, 	2.563	2.563	0.619	0.619	3.540	3.540	3.540
2, 25, 39, 	2.546	2.563	0.619	0.684	4.027	4.215	3.880
2, 25, 39, 9, 	2.524	2.563	0.557	0.684	4.737	5.109	4.192
2, 25, 39, 9, 29, 	2.428	2.563	0.534	0.684	5.246	5.746	4.251
2, 25, 39, 9, 29, 51, 	2.428	2.563	0.534	0.684	5.628	6.091	4.394
1.000	0.619	0.684	0.629	0.566	0.567	
0.619	1.000	0.672	0.557	0.598	0.616	
0.684	0.672	1.000	0.561	0.534	0.538	
0.629	0.557	0.561	1.000	0.603	0.548	
0.566	0.598	0.534	0.603	1.000	0.571	
0.567	0.616	0.538	0.548	0.571	1.000	
Group 4 Got Member: 7	32	43	1	14	21	37	40	
Representation node count: 0
2.677	2.581	2.673	2.631	2.599	2.669	2.610	2.525	
7, 32, 	2.581	2.677	0.649	0.649	3.553	3.618	3.487
7, 32, 43, 	2.581	2.677	0.628	0.651	4.289	4.357	4.089
7, 32, 43, 1, 	2.581	2.677	0.565	0.651	4.989	5.279	4.499
7, 32, 43, 1, 14, 	2.581	2.677	0.564	0.661	5.423	5.719	4.696
7, 32, 43, 1, 14, 21, 	2.581	2.677	0.544	0.661	5.960	6.244	4.872
7, 32, 43, 1, 14, 21, 37, 	2.581	2.677	0.520	0.661	6.382	6.808	4.990
7, 32, 43, 1, 14, 21, 37, 40, 	2.525	2.677	0.506	0.661	6.733	7.224	4.958
1.000	0.649	0.651	0.600	0.661	0.633	0.571	0.570	
0.649	1.000	0.628	0.586	0.564	0.573	0.562	0.559	
0.651	0.628	1.000	0.565	0.574	0.617	0.555	0.581	
0.600	0.586	0.565	1.000	0.639	0.544	0.520	0.526	
0.661	0.564	0.574	0.639	1.000	0.551	0.530	0.509	
0.633	0.573	0.617	0.544	0.551	1.000	0.602	0.548	
0.571	0.562	0.555	0.520	0.530	0.602	1.000	0.506	
0.570	0.559	0.581	0.526	0.509	0.548	0.506	1.000	
Group 5 Got Member: 10	27	22	33	50	53	
Representation node count: 0
2.717	2.754	2.770	2.650	2.708	2.755	
10, 27, 	2.717	2.754	0.657	0.657	3.673	3.698	3.648
10, 27, 22, 	2.717	2.770	0.626	0.701	4.359	4.519	4.057
10, 27, 22, 33, 	2.650	2.770	0.551	0.701	5.042	5.571	4.292
10, 27, 22, 33, 50, 	2.650	2.770	0.551	0.701	5.660	6.045	4.510
10, 27, 22, 33, 50, 53, 	2.650	2.770	0.534	0.701	6.171	6.583	4.651
1.000	0.657	0.701	0.551	0.584	0.580	
0.657	1.000	0.626	0.622	0.613	0.566	
0.701	0.626	1.000	0.562	0.561	0.627	
0.551	0.622	0.562	1.000	0.565	0.534	
0.584	0.613	0.561	0.565	1.000	0.557	
0.580	0.566	0.627	0.534	0.557	1.000	
Group 6 Got Member: 54	44	46	48	47	49	
Representation node count: 0
2.797	2.786	2.849	2.809	2.799	2.858	
54, 44, 	2.786	2.797	0.663	0.663	3.732	3.740	3.724
54, 44, 46, 	2.786	2.849	0.617	0.663	4.548	4.695	4.352
54, 44, 46, 48, 	2.786	2.849	0.603	0.663	5.240	5.324	4.772
54, 44, 46, 48, 47, 	2.786	2.849	0.540	0.663	5.848	6.328	5.052
54, 44, 46, 48, 47, 49, 	2.786	2.858	0.540	0.663	6.388	6.721	5.240
1.000	0.663	0.617	0.603	0.588	0.596	
0.663	1.000	0.657	0.615	0.593	0.637	
0.617	0.657	1.000	0.640	0.564	0.609	
0.603	0.615	0.640	1.000	0.540	0.564	
0.588	0.593	0.564	0.540	1.000	0.558	
0.596	0.637	0.609	0.564	0.558	1.000	
Group 7 Got Member: 16	12	17	26	15	3	41	
Representation node count: 0
2.334	2.042	2.194	2.948	2.238	2.333	2.272	
16, 12, 	2.042	2.334	0.539	0.539	3.196	3.409	2.983
16, 12, 17, 	2.042	2.334	0.321	0.539	4.279	5.247	3.670
16, 12, 17, 26, 	2.042	2.948	0.321	0.539	5.120	8.036	4.171
16, 12, 17, 26, 15, 	2.042	2.948	0.321	0.550	5.498	9.219	4.463
16, 12, 17, 26, 15, 3, 	2.042	2.948	0.321	0.576	5.785	10.211	4.500
16, 12, 17, 26, 15, 3, 41, 	2.042	2.948	0.321	0.598	6.039	11.044	4.466
1.000	0.539	0.321	0.490	0.478	0.457	0.412	
0.539	1.000	0.430	0.521	0.550	0.576	0.544	
0.321	0.430	1.000	0.487	0.451	0.550	0.558	
0.490	0.521	0.487	1.000	0.530	0.551	0.598	
0.478	0.550	0.451	0.530	1.000	0.536	0.518	
0.457	0.576	0.550	0.551	0.536	1.000	0.587	
0.412	0.544	0.558	0.598	0.518	0.587	1.000	
Group 8 Got Member: 19	35	52	20	11	34	4	
Representation node count: 0
2.210	2.433	2.641	2.262	2.048	2.215	2.207	
19, 35, 	2.210	2.433	0.457	0.457	3.582	3.755	3.410
19, 35, 52, 	2.210	2.641	0.429	0.472	4.635	5.335	4.266
19, 35, 52, 20, 	2.210	2.641	0.408	0.567	5.248	6.442	4.344
19, 35, 52, 20, 11, 	2.048	2.641	0.304	0.567	5.929	8.487	4.353
19, 35, 52, 20, 11, 34, 	2.048	2.641	0.304	0.587	6.276	9.440	4.424
19, 35, 52, 20, 11, 34, 4, 	2.048	2.641	0.304	0.587	6.642	10.248	4.573
1.000	0.457	0.472	0.567	0.395	0.587	0.458	
0.457	1.000	0.429	0.408	0.333	0.394	0.365	
0.472	0.429	1.000	0.445	0.304	0.442	0.355	
0.567	0.408	0.445	1.000	0.392	0.482	0.458	
0.395	0.333	0.304	0.392	1.000	0.381	0.424	
0.587	0.394	0.442	0.482	0.381	1.000	0.464	
0.458	0.365	0.355	0.458	0.424	0.464	1.000	
Round 768:
Group 1 Got Member: 48	49	46	
Representation node count: 0
1.482	1.430	1.485	
48, 49, 	1.430	1.482	0.264	0.264	2.528	2.573	2.483
48, 49, 46, 	1.430	1.485	0.264	0.308	3.404	3.527	3.256
1.000	0.264	0.308	
0.264	1.000	0.301	
0.308	0.301	1.000	
Group 2 Got Member: 47	54	44	
Representation node count: 0
1.256	1.414	1.414	
47, 54, 	1.256	1.414	0.275	0.275	2.303	2.439	2.167
47, 54, 44, 	1.256	1.414	0.275	0.466	2.959	3.322	2.441
1.000	0.275	0.302	
0.275	1.000	0.466	
0.302	0.466	1.000	
