Round 256:
Group 1 Got Member: 40	45	47	4	10	31	52	
Representation node count: 5
3.296	3.209	3.327	3.275	3.408	3.358	3.400	
40, 45, 	3.209	3.296	0.715	0.715	4.180	4.236	4.125
40, 45, 47, 	3.209	3.327	0.715	0.759	4.703	4.887	4.461
40, 45, 47, 4, 	3.209	3.327	0.715	0.781	5.061	5.280	4.601
40, 45, 47, 4, 10, 	3.209	3.408	0.652	0.781	5.723	6.297	4.760
40, 45, 47, 4, 10, 31, 	3.209	3.408	0.652	0.781	6.024	6.542	4.857
40, 45, 47, 4, 10, 31, 52, 	3.209	3.408	0.600	0.781	6.350	7.412	4.916
1.000	0.715	0.749	0.760	0.673	0.695	0.635	
0.715	1.000	0.759	0.736	0.690	0.743	0.666	
0.749	0.759	1.000	0.781	0.652	0.736	0.694	
0.760	0.736	0.781	1.000	0.705	0.733	0.673	
0.673	0.690	0.652	0.705	1.000	0.696	0.600	
0.695	0.743	0.736	0.733	0.696	1.000	0.684	
0.635	0.666	0.694	0.673	0.600	0.684	1.000	
Group 2 Got Member: 8	22	28	41	42	9	51	
Representation node count: 5
3.504	3.522	3.478	3.435	3.347	3.442	3.457	
8, 22, 	3.504	3.522	0.786	0.786	4.266	4.278	4.255
8, 22, 28, 	3.478	3.522	0.733	0.796	4.800	5.057	4.613
8, 22, 28, 41, 	3.435	3.522	0.718	0.796	5.233	5.563	4.810
8, 22, 28, 41, 42, 	3.347	3.522	0.700	0.796	5.706	5.998	4.835
8, 22, 28, 41, 42, 9, 	3.347	3.522	0.692	0.796	6.074	6.283	4.924
8, 22, 28, 41, 42, 9, 51, 	3.347	3.522	0.629	0.796	6.385	7.239	4.978
1.000	0.786	0.796	0.792	0.732	0.737	0.685	
0.786	1.000	0.733	0.756	0.708	0.749	0.707	
0.796	0.733	1.000	0.718	0.700	0.716	0.644	
0.792	0.756	0.718	1.000	0.722	0.740	0.683	
0.732	0.708	0.700	0.722	1.000	0.692	0.629	
0.737	0.749	0.716	0.740	0.692	1.000	0.662	
0.685	0.707	0.644	0.683	0.629	0.662	1.000	
Group 3 Got Member: 21	23	24	44	50	38	
Representation node count: 4
3.567	3.533	3.617	3.633	3.646	3.594	
21, 23, 	3.533	3.567	0.795	0.795	4.278	4.298	4.257
21, 23, 24, 	3.533	3.617	0.765	0.795	4.903	4.992	4.694
21, 23, 24, 44, 	3.533	3.633	0.757	0.795	5.340	5.406	4.957
21, 23, 24, 44, 50, 	3.533	3.646	0.704	0.795	5.820	6.168	5.115
21, 23, 24, 44, 50, 38, 	3.533	3.646	0.673	0.795	6.152	6.735	5.211
1.000	0.795	0.766	0.768	0.731	0.719	
0.795	1.000	0.765	0.771	0.724	0.735	
0.766	0.765	1.000	0.757	0.761	0.747	
0.768	0.771	0.757	1.000	0.704	0.722	
0.731	0.724	0.761	0.704	1.000	0.673	
0.719	0.735	0.747	0.722	0.673	1.000	
Group 4 Got Member: 6	25	29	30	32	35	37	54	
Representation node count: 5
3.958	3.833	3.906	3.910	3.962	3.928	3.953	3.952	
6, 25, 	3.833	3.958	0.788	0.788	4.721	4.797	4.645
6, 25, 29, 	3.833	3.958	0.774	0.796	5.267	5.397	5.085
6, 25, 29, 30, 	3.833	3.958	0.774	0.819	5.586	5.733	5.175
6, 25, 29, 30, 32, 	3.833	3.962	0.737	0.819	5.998	6.343	5.317
6, 25, 29, 30, 32, 35, 	3.833	3.962	0.737	0.819	6.249	6.510	5.401
6, 25, 29, 30, 32, 35, 37, 	3.833	3.962	0.710	0.819	6.521	6.964	5.451
6, 25, 29, 30, 32, 35, 37, 54, 	3.833	3.962	0.710	0.819	6.711	7.047	5.480
1.000	0.788	0.774	0.782	0.737	0.765	0.772	0.757	
0.788	1.000	0.796	0.812	0.737	0.759	0.782	0.757	
0.774	0.796	1.000	0.819	0.754	0.741	0.797	0.787	
0.782	0.812	0.819	1.000	0.749	0.760	0.803	0.784	
0.737	0.737	0.754	0.749	1.000	0.777	0.710	0.744	
0.765	0.759	0.741	0.760	0.777	1.000	0.733	0.745	
0.772	0.782	0.797	0.803	0.710	0.733	1.000	0.759	
0.757	0.757	0.787	0.784	0.744	0.745	0.759	1.000	
Group 5 Got Member: 1	2	5	13	26	27	33	43	
Representation node count: 4
4.021	4.036	4.021	4.013	4.097	4.063	4.073	4.042	
1, 2, 	4.021	4.036	0.770	0.770	4.955	4.964	4.946
1, 2, 5, 	4.021	4.036	0.770	1.000	4.955	5.535	4.021
1, 2, 5, 13, 	4.013	4.036	0.761	1.000	5.530	5.965	4.013
1, 2, 5, 13, 26, 	4.013	4.097	0.744	1.000	5.948	6.484	4.013
1, 2, 5, 13, 26, 27, 	4.013	4.097	0.744	1.000	6.270	6.647	4.013
1, 2, 5, 13, 26, 27, 33, 	4.013	4.097	0.744	1.000	6.639	6.750	4.013
1, 2, 5, 13, 26, 27, 33, 43, 	4.013	4.097	0.744	1.000	6.823	6.815	4.013
1.000	0.770	1.000	0.765	0.789	0.782	0.768	0.821	
0.770	1.000	0.770	0.761	0.775	0.762	0.747	0.760	
1.000	0.770	1.000	0.765	0.789	0.782	0.768	0.821	
0.765	0.761	0.765	1.000	0.744	0.780	0.760	0.748	
0.789	0.775	0.789	0.744	1.000	0.809	0.774	0.776	
0.782	0.762	0.782	0.780	0.809	1.000	0.786	0.785	
0.768	0.747	0.768	0.760	0.774	0.786	1.000	0.775	
0.821	0.760	0.821	0.748	0.776	0.785	0.775	1.000	
Group 6 Got Member: 12	14	19	11	17	16	
Representation node count: 5
4.377	4.343	4.350	4.318	4.246	4.226	
12, 14, 	4.343	4.377	0.702	0.702	5.660	5.682	5.639
12, 14, 19, 	4.343	4.377	0.702	0.750	6.190	6.529	6.104
12, 14, 19, 11, 	4.318	4.377	0.661	0.750	6.631	7.520	6.490
12, 14, 19, 11, 17, 	4.246	4.377	0.601	0.750	7.197	8.802	6.639
12, 14, 19, 11, 17, 16, 	4.226	4.377	0.593	0.750	7.428	9.357	6.769
1.000	0.702	0.725	0.661	0.618	0.655	
0.702	1.000	0.750	0.731	0.628	0.733	
0.725	0.750	1.000	0.728	0.628	0.686	
0.661	0.731	0.728	1.000	0.601	0.653	
0.618	0.628	0.628	0.601	1.000	0.593	
0.655	0.733	0.686	0.653	0.593	1.000	
Group 7 Got Member: 49	48	53	46	7	39	
Representation node count: 0
5.374	3.009	3.778	3.126	3.026	4.016	
49, 48, 	3.009	5.374	0.665	0.665	5.594	7.173	4.016
49, 48, 53, 	3.009	5.374	0.665	0.713	6.038	8.373	4.429
49, 48, 53, 46, 	3.009	5.374	0.662	0.730	6.278	9.214	4.664
49, 48, 53, 46, 7, 	3.009	5.374	0.631	0.756	6.525	10.276	4.661
49, 48, 53, 46, 7, 39, 	3.009	5.374	0.606	0.756	6.771	11.216	4.771
1.000	0.665	0.713	0.662	0.631	0.752	
0.665	1.000	0.686	0.730	0.713	0.649	
0.713	0.686	1.000	0.694	0.668	0.661	
0.662	0.730	0.694	1.000	0.756	0.648	
0.631	0.713	0.668	0.756	1.000	0.606	
0.752	0.649	0.661	0.648	0.606	1.000	
Group 8 Got Member: 3	36	34	15	18	20	
Representation node count: 0
3.670	5.060	4.500	5.024	3.690	4.461	
3, 36, 	3.670	5.060	0.708	0.708	5.641	6.539	4.743
3, 36, 34, 	3.670	5.060	0.695	0.721	6.261	7.606	5.347
3, 36, 34, 15, 	3.670	5.060	0.686	0.744	6.897	8.382	5.571
3, 36, 34, 15, 18, 	3.670	5.060	0.681	0.749	7.021	8.897	5.750
3, 36, 34, 15, 18, 20, 	3.670	5.060	0.681	0.752	7.250	9.201	5.863
1.000	0.708	0.695	0.716	0.749	0.740	
0.708	1.000	0.721	0.744	0.691	0.749	
0.695	0.721	1.000	0.686	0.707	0.685	
0.716	0.744	0.686	1.000	0.681	0.715	
0.749	0.691	0.707	0.681	1.000	0.752	
0.740	0.749	0.685	0.715	0.752	1.000	
Round 512:
Group 1 Got Member: 31	45	47	48	51	52	
Representation node count: 4
3.036	3.192	3.158	3.188	3.205	3.155	
31, 45, 	3.036	3.192	0.717	0.717	3.994	4.094	3.894
31, 45, 47, 	3.036	3.192	0.717	0.775	4.479	4.673	4.136
31, 45, 47, 48, 	3.036	3.192	0.717	0.775	4.845	5.044	4.392
31, 45, 47, 48, 51, 	3.036	3.205	0.704	0.775	5.221	5.422	4.549
31, 45, 47, 48, 51, 52, 	3.036	3.205	0.704	0.883	5.400	5.589	3.797
1.000	0.717	0.775	0.758	0.704	0.781	
0.717	1.000	0.737	0.753	0.736	0.731	
0.775	0.737	1.000	0.745	0.724	0.883	
0.758	0.753	0.745	1.000	0.735	0.738	
0.704	0.736	0.724	0.735	1.000	0.721	
0.781	0.731	0.883	0.738	0.721	1.000	
Group 2 Got Member: 18	21	24	28	40	46	
Representation node count: 4
3.286	3.356	3.237	3.209	3.357	3.312	
18, 21, 	3.286	3.356	0.796	0.796	4.000	4.042	3.958
18, 21, 24, 	3.237	3.356	0.796	0.841	4.332	4.455	4.051
18, 21, 24, 28, 	3.209	3.356	0.740	0.841	4.836	5.121	4.188
18, 21, 24, 28, 40, 	3.209	3.357	0.715	0.841	5.373	5.573	4.287
18, 21, 24, 28, 40, 46, 	3.209	3.357	0.715	0.849	5.580	5.736	4.278
1.000	0.796	0.841	0.740	0.755	0.849	
0.796	1.000	0.800	0.743	0.718	0.749	
0.841	0.800	1.000	0.753	0.733	0.818	
0.740	0.743	0.753	1.000	0.715	0.759	
0.755	0.718	0.733	0.715	1.000	0.742	
0.849	0.749	0.818	0.759	0.742	1.000	
Group 3 Got Member: 6	16	29	30	37	14	
Representation node count: 4
5.070	5.105	5.133	5.121	5.135	4.961	
6, 16, 	5.070	5.105	0.773	0.773	6.241	6.263	6.220
6, 16, 29, 	5.070	5.133	0.741	0.773	6.936	7.298	6.925
6, 16, 29, 30, 	5.070	5.133	0.730	0.876	7.182	7.954	6.252
6, 16, 29, 30, 37, 	5.070	5.135	0.730	0.991	7.182	8.311	5.153
6, 16, 29, 30, 37, 14, 	4.961	5.135	0.687	0.991	7.566	9.242	5.045
1.000	0.773	0.759	0.764	0.764	0.704	
0.773	1.000	0.741	0.730	0.742	0.687	
0.759	0.741	1.000	0.876	0.991	0.726	
0.764	0.730	0.876	1.000	0.880	0.729	
0.764	0.742	0.991	0.880	1.000	0.727	
0.704	0.687	0.726	0.729	0.727	1.000	
Group 4 Got Member: 2	5	12	32	33	1	
Representation node count: 4
5.555	5.510	5.552	5.577	5.613	5.648	
2, 5, 	5.510	5.555	0.794	0.794	6.673	6.700	6.646
2, 5, 12, 	5.510	5.555	0.794	0.812	7.121	7.391	7.165
2, 5, 12, 32, 	5.510	5.577	0.728	0.812	7.581	8.677	7.531
2, 5, 12, 32, 33, 	5.510	5.613	0.728	0.817	7.772	9.126	7.676
2, 5, 12, 32, 33, 1, 	5.510	5.648	0.684	0.817	7.906	10.217	7.799
1.000	0.794	0.808	0.737	0.793	0.733	
0.794	1.000	0.812	0.728	0.783	0.780	
0.808	0.812	1.000	0.769	0.817	0.739	
0.737	0.728	0.769	1.000	0.728	0.684	
0.793	0.783	0.817	0.728	1.000	0.721	
0.733	0.780	0.739	0.684	0.721	1.000	
Group 5 Got Member: 50	49	53	54	8	9	7	10	44	4	11	43	3	39	13	
Representation node count: 0
4.757	4.662	3.756	1.611	3.485	3.540	2.925	2.887	4.015	3.425	2.495	3.542	4.078	4.991	-0.000	
50, 49, 	4.662	4.757	0.741	0.741	5.929	5.989	5.868
50, 49, 53, 	3.756	4.757	0.661	0.741	6.447	7.447	5.340
50, 49, 53, 54, 	1.611	4.757	0.454	0.741	6.474	10.908	2.455
50, 49, 53, 54, 8, 	1.611	4.757	0.403	0.741	7.109	13.113	2.559
50, 49, 53, 54, 8, 9, 	1.611	4.757	0.403	0.741	7.323	14.265	2.624
50, 49, 53, 54, 8, 9, 7, 	1.611	4.757	0.403	0.741	7.367	15.185	2.665
50, 49, 53, 54, 8, 9, 7, 10, 	1.611	4.757	0.322	0.741	7.478	18.917	2.691
50, 49, 53, 54, 8, 9, 7, 10, 44, 	1.611	4.757	0.322	0.741	7.601	19.860	2.708
50, 49, 53, 54, 8, 9, 7, 10, 44, 4, 	1.611	4.757	0.322	0.741	7.701	20.650	2.718
50, 49, 53, 54, 8, 9, 7, 10, 44, 4, 11, 	1.611	4.757	0.247	0.741	7.727	25.987	2.724
50, 49, 53, 54, 8, 9, 7, 10, 44, 4, 11, 43, 	1.611	4.757	0.247	0.741	7.871	26.944	2.728
50, 49, 53, 54, 8, 9, 7, 10, 44, 4, 11, 43, 3, 	1.611	4.757	0.247	0.741	7.919	27.783	2.731
50, 49, 53, 54, 8, 9, 7, 10, 44, 4, 11, 43, 3, 39, 	1.611	4.991	0.247	0.741	7.984	29.921	2.733
50, 49, 53, 54, 8, 9, 7, 10, 44, 4, 11, 43, 3, 39, 13, 	-0.000	4.991	0.000	0.741	7.984	-nan	-0.000
1.000	0.741	0.667	0.491	0.567	0.619	0.639	0.535	0.683	0.552	0.533	0.446	0.706	0.615	0.000	
0.741	1.000	0.661	0.454	0.558	0.615	0.630	0.496	0.674	0.551	0.532	0.483	0.700	0.651	0.000	
0.667	0.661	1.000	0.488	0.536	0.556	0.578	0.530	0.598	0.544	0.472	0.442	0.623	0.544	0.000	
0.491	0.454	0.488	1.000	0.403	0.441	0.533	0.322	0.379	0.423	0.247	0.253	0.470	0.259	0.000	
0.567	0.558	0.536	0.403	1.000	0.620	0.611	0.472	0.565	0.553	0.535	0.457	0.558	0.519	0.000	
0.619	0.615	0.556	0.441	0.620	1.000	0.681	0.521	0.589	0.584	0.597	0.497	0.609	0.563	0.000	
0.639	0.630	0.578	0.533	0.611	0.681	1.000	0.584	0.612	0.658	0.626	0.492	0.614	0.550	0.000	
0.535	0.496	0.530	0.322	0.472	0.521	0.584	1.000	0.493	0.515	0.490	0.417	0.475	0.498	0.000	
0.683	0.674	0.598	0.379	0.565	0.589	0.612	0.493	1.000	0.579	0.517	0.476	0.680	0.581	0.000	
0.552	0.551	0.544	0.423	0.553	0.584	0.658	0.515	0.579	1.000	0.501	0.460	0.539	0.471	0.000	
0.533	0.532	0.472	0.247	0.535	0.597	0.626	0.490	0.517	0.501	1.000	0.435	0.533	0.483	0.000	
0.446	0.483	0.442	0.253	0.457	0.497	0.492	0.417	0.476	0.460	0.435	1.000	0.475	0.542	0.000	
0.706	0.700	0.623	0.470	0.558	0.609	0.614	0.475	0.680	0.539	0.533	0.475	1.000	0.580	0.000	
0.615	0.651	0.544	0.259	0.519	0.563	0.550	0.498	0.581	0.471	0.483	0.542	0.580	1.000	0.000	
0.000	0.000	0.000	0.000	0.000	0.000	0.000	0.000	0.000	0.000	0.000	0.000	0.000	0.000	-nan	
Group 6 Got Member: 42	41	35	38	36	15	34	19	17	27	23	20	22	26	25	
Representation node count: 0
3.369	2.945	5.847	2.818	4.703	4.601	5.254	4.831	4.263	4.053	3.578	3.088	3.376	4.040	3.160	
42, 41, 	2.945	3.369	0.517	0.517	4.682	4.997	4.367
42, 41, 35, 	2.945	5.847	0.501	0.544	6.993	10.952	5.263
42, 41, 35, 38, 	2.818	5.847	0.365	0.544	7.426	15.068	5.717
42, 41, 35, 38, 36, 	2.818	5.847	0.365	0.626	7.758	17.094	5.433
42, 41, 35, 38, 36, 15, 	2.818	5.847	0.365	0.640	7.891	18.749	5.524
42, 41, 35, 38, 36, 15, 34, 	2.818	5.847	0.365	0.711	7.922	20.102	4.942
42, 41, 35, 38, 36, 15, 34, 19, 	2.818	5.847	0.365	0.711	7.945	21.207	5.001
42, 41, 35, 38, 36, 15, 34, 19, 17, 	2.818	5.847	0.365	0.711	7.969	22.111	5.038
42, 41, 35, 38, 36, 15, 34, 19, 17, 27, 	2.818	5.847	0.365	0.711	7.984	22.849	5.062
42, 41, 35, 38, 36, 15, 34, 19, 17, 27, 23, 	2.818	5.847	0.365	0.711	7.984	23.453	5.078
42, 41, 35, 38, 36, 15, 34, 19, 17, 27, 23, 20, 	2.818	5.847	0.295	0.711	7.984	28.979	5.088
42, 41, 35, 38, 36, 15, 34, 19, 17, 27, 23, 20, 22, 	2.818	5.847	0.295	0.757	7.984	29.692	4.618
42, 41, 35, 38, 36, 15, 34, 19, 17, 27, 23, 20, 22, 26, 	2.818	5.847	0.295	0.829	7.992	30.301	3.978
42, 41, 35, 38, 36, 15, 34, 19, 17, 27, 23, 20, 22, 26, 25, 	2.818	5.847	0.295	0.829	7.992	30.819	3.979
1.000	0.517	0.544	0.452	0.480	0.565	0.545	0.617	0.506	0.597	0.619	0.402	0.662	0.593	0.574	
0.517	1.000	0.501	0.365	0.453	0.499	0.489	0.569	0.524	0.591	0.610	0.397	0.670	0.583	0.622	
0.544	0.501	1.000	0.419	0.626	0.640	0.711	0.678	0.631	0.627	0.580	0.498	0.594	0.619	0.572	
0.452	0.365	0.419	1.000	0.376	0.378	0.425	0.439	0.380	0.452	0.506	0.295	0.497	0.442	0.460	
0.480	0.453	0.626	0.376	1.000	0.596	0.601	0.637	0.536	0.571	0.538	0.440	0.581	0.589	0.498	
0.565	0.499	0.640	0.378	0.596	1.000	0.634	0.675	0.569	0.586	0.599	0.466	0.624	0.592	0.575	
0.545	0.489	0.711	0.425	0.601	0.634	1.000	0.668	0.593	0.645	0.564	0.476	0.574	0.647	0.565	
0.617	0.569	0.678	0.439	0.637	0.675	0.668	1.000	0.549	0.676	0.642	0.570	0.667	0.689	0.590	
0.506	0.524	0.631	0.380	0.536	0.569	0.593	0.549	1.000	0.508	0.551	0.395	0.595	0.516	0.577	
0.597	0.591	0.627	0.452	0.571	0.586	0.645	0.676	0.508	1.000	0.665	0.551	0.654	0.829	0.622	
0.619	0.610	0.580	0.506	0.538	0.599	0.564	0.642	0.551	0.665	1.000	0.470	0.757	0.669	0.717	
0.402	0.397	0.498	0.295	0.440	0.466	0.476	0.570	0.395	0.551	0.470	1.000	0.517	0.550	0.467	
0.662	0.670	0.594	0.497	0.581	0.624	0.574	0.667	0.595	0.654	0.757	0.517	1.000	0.667	0.727	
0.593	0.583	0.619	0.442	0.589	0.592	0.647	0.689	0.516	0.829	0.669	0.550	0.667	1.000	0.623	
0.574	0.622	0.572	0.460	0.498	0.575	0.565	0.590	0.577	0.622	0.717	0.467	0.727	0.623	1.000	
Round 768:
Group 1 Got Member: 18	22	54	32	1	20	
Representation node count: 5
4.241	4.293	4.386	4.416	4.422	4.263	
18, 22, 	4.241	4.293	0.788	0.788	5.173	5.205	5.141
18, 22, 54, 	4.241	4.386	0.733	0.788	5.932	6.301	5.687
18, 22, 54, 32, 	4.241	4.416	0.620	0.788	6.746	8.048	6.018
18, 22, 54, 32, 1, 	4.241	4.422	0.520	0.788	7.526	10.134	6.219
18, 22, 54, 32, 1, 20, 	4.241	4.422	0.520	0.788	7.744	10.769	6.340
1.000	0.788	0.733	0.651	0.520	0.572	
0.788	1.000	0.746	0.620	0.528	0.570	
0.733	0.746	1.000	0.687	0.561	0.647	
0.651	0.620	0.687	1.000	0.583	0.675	
0.520	0.528	0.561	0.583	1.000	0.528	
0.572	0.570	0.647	0.675	0.528	1.000	
Group 2 Got Member: 10	11	15	34	36	2	
Representation node count: 4
4.780	4.766	4.717	4.661	4.654	4.643	
10, 11, 	4.766	4.780	0.818	0.818	5.639	5.648	5.631
10, 11, 15, 	4.717	4.780	0.785	0.818	6.222	6.429	6.080
10, 11, 15, 34, 	4.661	4.780	0.737	0.818	6.707	7.332	6.302
10, 11, 15, 34, 36, 	4.654	4.780	0.737	0.818	6.986	7.649	6.466
10, 11, 15, 34, 36, 2, 	4.643	4.780	0.660	0.818	7.475	9.040	6.555
1.000	0.818	0.785	0.762	0.790	0.714	
0.818	1.000	0.794	0.777	0.793	0.671	
0.785	0.794	1.000	0.737	0.758	0.660	
0.762	0.777	0.737	1.000	0.769	0.667	
0.790	0.793	0.758	0.769	1.000	0.674	
0.714	0.671	0.660	0.667	0.674	1.000	
Group 3 Got Member: 3	35	49	14	30	48	
Representation node count: 5
4.971	4.963	4.933	4.931	4.907	4.875	
3, 35, 	4.963	4.971	0.719	0.719	6.361	6.366	6.355
3, 35, 49, 	4.933	4.971	0.719	0.804	6.690	7.259	6.475
3, 35, 49, 14, 	4.931	4.971	0.632	0.804	7.332	8.910	6.818
3, 35, 49, 14, 30, 	4.907	4.971	0.632	0.804	7.615	9.496	6.989
3, 35, 49, 14, 30, 48, 	4.875	4.971	0.625	0.804	7.809	10.025	7.065
1.000	0.719	0.755	0.632	0.640	0.625	
0.719	1.000	0.804	0.687	0.677	0.672	
0.755	0.804	1.000	0.704	0.700	0.664	
0.632	0.687	0.704	1.000	0.751	0.652	
0.640	0.677	0.700	0.751	1.000	0.671	
0.625	0.672	0.664	0.652	0.671	1.000	
Group 4 Got Member: 13	24	27	31	33	39	40	
Representation node count: 4
5.220	5.054	5.053	5.085	5.175	5.033	5.212	
13, 24, 	5.054	5.220	0.744	0.744	6.452	6.556	6.347
13, 24, 27, 	5.053	5.220	0.728	0.790	6.946	7.544	6.758
13, 24, 27, 31, 	5.053	5.220	0.728	0.836	7.101	8.119	6.650
13, 24, 27, 31, 33, 	5.053	5.220	0.728	0.836	7.497	8.485	6.814
13, 24, 27, 31, 33, 39, 	5.033	5.220	0.728	0.836	7.626	8.717	6.882
13, 24, 27, 31, 33, 39, 40, 	5.033	5.220	0.728	0.836	7.704	8.865	6.937
1.000	0.744	0.728	0.781	0.768	0.809	0.773	
0.744	1.000	0.790	0.836	0.752	0.742	0.816	
0.728	0.790	1.000	0.811	0.747	0.746	0.768	
0.781	0.836	0.811	1.000	0.781	0.767	0.821	
0.768	0.752	0.747	0.781	1.000	0.794	0.789	
0.809	0.742	0.746	0.767	0.794	1.000	0.789	
0.773	0.816	0.768	0.821	0.789	0.789	1.000	
Group 5 Got Member: 42	41	43	44	38	45	37	46	47	4	5	52	51	6	
Representation node count: 0
5.765	5.905	5.296	5.301	5.829	2.835	5.536	3.679	2.651	3.297	4.136	2.084	3.737	3.304	
42, 41, 	5.765	5.905	0.828	0.828	6.837	6.919	6.755
42, 41, 43, 	5.296	5.905	0.782	0.828	7.223	7.971	6.739
42, 41, 43, 44, 	5.296	5.905	0.753	0.842	7.400	8.834	6.899
42, 41, 43, 44, 38, 	5.296	5.905	0.715	0.842	7.744	9.812	7.061
42, 41, 43, 44, 38, 45, 	2.835	5.905	0.487	0.842	7.760	15.265	3.830
42, 41, 43, 44, 38, 45, 37, 	2.835	5.905	0.487	0.842	7.875	16.016	3.859
42, 41, 43, 44, 38, 45, 37, 46, 	2.835	5.905	0.487	0.842	7.898	16.584	3.876
42, 41, 43, 44, 38, 45, 37, 46, 47, 	2.651	5.905	0.362	0.842	7.945	22.480	3.634
42, 41, 43, 44, 38, 45, 37, 46, 47, 4, 	2.651	5.905	0.362	0.842	7.945	23.240	3.639
42, 41, 43, 44, 38, 45, 37, 46, 47, 4, 5, 	2.651	5.905	0.362	0.842	7.961	23.863	3.642
42, 41, 43, 44, 38, 45, 37, 46, 47, 4, 5, 52, 	2.084	5.905	0.362	0.842	7.961	24.372	2.865
42, 41, 43, 44, 38, 45, 37, 46, 47, 4, 5, 52, 51, 	2.084	5.905	0.362	0.842	7.977	24.790	2.866
42, 41, 43, 44, 38, 45, 37, 46, 47, 4, 5, 52, 51, 6, 	2.084	5.905	0.215	0.842	8.000	39.216	2.866
1.000	0.828	0.782	0.842	0.788	0.601	0.767	0.640	0.450	0.653	0.682	0.444	0.681	0.537	
0.828	1.000	0.790	0.818	0.774	0.565	0.791	0.619	0.451	0.642	0.678	0.459	0.654	0.530	
0.782	0.790	1.000	0.753	0.715	0.615	0.773	0.701	0.502	0.664	0.680	0.500	0.714	0.483	
0.842	0.818	0.753	1.000	0.770	0.593	0.785	0.617	0.458	0.680	0.661	0.484	0.672	0.527	
0.788	0.774	0.715	0.770	1.000	0.487	0.764	0.544	0.410	0.562	0.611	0.398	0.593	0.486	
0.601	0.565	0.615	0.593	0.487	1.000	0.520	0.680	0.362	0.623	0.573	0.366	0.670	0.383	
0.767	0.791	0.773	0.785	0.764	0.520	1.000	0.590	0.448	0.606	0.633	0.441	0.605	0.482	
0.640	0.619	0.701	0.617	0.544	0.680	0.590	1.000	0.429	0.692	0.613	0.413	0.739	0.356	
0.450	0.451	0.502	0.458	0.410	0.362	0.448	0.429	1.000	0.447	0.433	0.601	0.446	0.215	
0.653	0.642	0.664	0.680	0.562	0.623	0.606	0.692	0.447	1.000	0.629	0.439	0.671	0.381	
0.682	0.678	0.680	0.661	0.611	0.573	0.633	0.613	0.433	0.629	1.000	0.438	0.675	0.398	
0.444	0.459	0.500	0.484	0.398	0.366	0.441	0.413	0.601	0.439	0.438	1.000	0.474	0.220	
0.681	0.654	0.714	0.672	0.593	0.670	0.605	0.739	0.446	0.671	0.675	0.474	1.000	0.385	
0.537	0.530	0.483	0.527	0.486	0.383	0.482	0.356	0.215	0.381	0.398	0.220	0.385	1.000	
Group 6 Got Member: 29	53	7	28	50	8	26	9	23	25	21	12	19	17	16	
Representation node count: 0
4.003	5.530	3.159	3.472	5.236	3.515	4.975	3.931	3.054	6.137	4.029	4.144	3.975	2.988	2.628	
29, 53, 	4.003	5.530	0.672	0.672	6.330	7.344	5.316
29, 53, 7, 	3.159	5.530	0.576	0.672	6.638	9.538	4.883
29, 53, 7, 28, 	3.159	5.530	0.506	0.672	7.150	11.825	5.340
29, 53, 7, 28, 50, 	3.159	5.530	0.506	0.797	7.478	12.964	4.559
29, 53, 7, 28, 50, 8, 	3.159	5.530	0.481	0.797	7.536	14.438	4.643
29, 53, 7, 28, 50, 8, 26, 	3.159	5.530	0.481	0.797	7.778	15.162	4.694
29, 53, 7, 28, 50, 8, 26, 9, 	3.159	5.530	0.481	0.797	7.812	15.712	4.724
29, 53, 7, 28, 50, 8, 26, 9, 23, 	3.054	5.530	0.481	0.797	7.841	16.130	4.585
29, 53, 7, 28, 50, 8, 26, 9, 23, 25, 	3.054	6.137	0.481	0.820	7.945	18.252	4.386
29, 53, 7, 28, 50, 8, 26, 9, 23, 25, 21, 	3.054	6.137	0.481	0.820	7.977	18.519	4.391
29, 53, 7, 28, 50, 8, 26, 9, 23, 25, 21, 12, 	3.054	6.137	0.481	0.820	7.977	18.722	4.394
29, 53, 7, 28, 50, 8, 26, 9, 23, 25, 21, 12, 19, 	3.054	6.137	0.481	0.820	7.984	18.876	4.396
29, 53, 7, 28, 50, 8, 26, 9, 23, 25, 21, 12, 19, 17, 	2.988	6.137	0.462	0.820	7.984	19.971	4.301
29, 53, 7, 28, 50, 8, 26, 9, 23, 25, 21, 12, 19, 17, 16, 	2.628	6.137	0.287	0.820	7.984	33.097	3.784
1.000	0.672	0.603	0.506	0.672	0.667	0.562	0.685	0.588	0.638	0.713	0.654	0.603	0.533	0.455	
0.672	1.000	0.576	0.555	0.797	0.628	0.677	0.701	0.660	0.793	0.654	0.658	0.673	0.570	0.500	
0.603	0.576	1.000	0.515	0.622	0.625	0.488	0.669	0.568	0.587	0.567	0.582	0.551	0.462	0.292	
0.506	0.555	0.515	1.000	0.575	0.481	0.519	0.563	0.541	0.558	0.513	0.508	0.496	0.496	0.307	
0.672	0.797	0.622	0.575	1.000	0.694	0.681	0.725	0.702	0.820	0.676	0.698	0.724	0.621	0.497	
0.667	0.628	0.625	0.481	0.694	1.000	0.506	0.724	0.635	0.621	0.641	0.600	0.612	0.546	0.382	
0.562	0.677	0.488	0.519	0.681	0.506	1.000	0.524	0.535	0.709	0.491	0.526	0.571	0.478	0.405	
0.685	0.701	0.669	0.563	0.725	0.724	0.524	1.000	0.668	0.674	0.698	0.642	0.650	0.594	0.429	
0.588	0.660	0.568	0.541	0.702	0.635	0.535	0.668	1.000	0.646	0.574	0.584	0.646	0.626	0.372	
0.638	0.793	0.587	0.558	0.820	0.621	0.709	0.674	0.646	1.000	0.613	0.674	0.682	0.560	0.462	
0.713	0.654	0.567	0.513	0.676	0.641	0.491	0.698	0.574	0.613	1.000	0.597	0.579	0.504	0.381	
0.654	0.658	0.582	0.508	0.698	0.600	0.526	0.642	0.584	0.674	0.597	1.000	0.633	0.476	0.372	
0.603	0.673	0.551	0.496	0.724	0.612	0.571	0.650	0.646	0.682	0.579	0.633	1.000	0.550	0.413	
0.533	0.570	0.462	0.496	0.621	0.546	0.478	0.594	0.626	0.560	0.504	0.476	0.550	1.000	0.287	
0.455	0.500	0.292	0.307	0.497	0.382	0.405	0.429	0.372	0.462	0.381	0.372	0.413	0.287	1.000	
Round 1024:
Group 1 Got Member: 18	22	15	41	42	10	11	24	
Representation node count: 6
4.111	4.009	4.043	4.128	3.946	4.037	4.093	4.100	
18, 22, 	4.009	4.111	0.745	0.745	5.096	5.160	5.032
18, 22, 15, 	4.009	4.111	0.658	0.745	6.079	6.462	5.673
18, 22, 15, 41, 	4.009	4.128	0.631	0.745	6.697	7.411	6.076
18, 22, 15, 41, 42, 	3.946	4.128	0.601	0.745	7.005	8.301	6.229
18, 22, 15, 41, 42, 10, 	3.946	4.128	0.535	0.745	7.419	9.785	6.385
18, 22, 15, 41, 42, 10, 11, 	3.946	4.128	0.535	0.745	7.516	10.189	6.483
18, 22, 15, 41, 42, 10, 11, 24, 	3.946	4.128	0.519	0.745	7.706	10.838	6.545
1.000	0.745	0.658	0.631	0.610	0.577	0.639	0.589	
0.745	1.000	0.679	0.669	0.601	0.604	0.684	0.608	
0.658	0.679	1.000	0.673	0.636	0.551	0.609	0.567	
0.631	0.669	0.673	1.000	0.648	0.597	0.658	0.607	
0.610	0.601	0.636	0.648	1.000	0.535	0.585	0.584	
0.577	0.604	0.551	0.597	0.535	1.000	0.722	0.519	
0.639	0.684	0.609	0.658	0.585	0.722	1.000	0.574	
0.589	0.608	0.567	0.607	0.584	0.519	0.574	1.000	
Group 2 Got Member: 5	12	35	43	44	3	
Representation node count: 5
4.198	4.155	4.201	4.170	4.340	4.228	
5, 12, 	4.155	4.198	0.729	0.729	5.306	5.334	5.279
5, 12, 35, 	4.155	4.201	0.729	0.824	5.780	6.060	5.315
5, 12, 35, 43, 	4.155	4.201	0.603	0.824	6.535	7.844	5.567
5, 12, 35, 43, 44, 	4.155	4.340	0.602	0.824	6.882	8.703	5.715
5, 12, 35, 43, 44, 3, 	4.155	4.340	0.590	0.824	7.241	9.315	5.803
1.000	0.729	0.824	0.673	0.656	0.688	
0.729	1.000	0.743	0.603	0.602	0.624	
0.824	0.743	1.000	0.694	0.663	0.683	
0.673	0.603	0.694	1.000	0.606	0.607	
0.656	0.602	0.663	0.606	1.000	0.590	
0.688	0.624	0.683	0.607	0.590	1.000	
Group 3 Got Member: 6	17	19	30	50	27	
Representation node count: 4
4.648	4.542	4.671	4.703	4.692	4.724	
6, 17, 	4.542	4.648	0.798	0.798	5.522	5.585	5.458
6, 17, 19, 	4.542	4.671	0.772	0.798	6.222	6.391	6.009
6, 17, 19, 30, 	4.542	4.703	0.749	0.798	6.655	7.087	6.339
6, 17, 19, 30, 50, 	4.542	4.703	0.739	0.798	6.923	7.500	6.538
6, 17, 19, 30, 50, 27, 	4.542	4.724	0.666	0.798	7.324	8.833	6.658
1.000	0.798	0.774	0.792	0.788	0.710	
0.798	1.000	0.772	0.781	0.767	0.714	
0.774	0.772	1.000	0.749	0.768	0.675	
0.792	0.781	0.749	1.000	0.739	0.666	
0.788	0.767	0.768	0.739	1.000	0.669	
0.710	0.714	0.675	0.666	0.669	1.000	
Group 4 Got Member: 4	7	9	21	37	51	52	
Representation node count: 4
5.013	4.945	4.868	4.931	4.860	4.872	5.042	
4, 7, 	4.945	5.013	0.821	0.821	5.869	5.909	5.828
4, 7, 9, 	4.868	5.013	0.814	0.826	6.376	6.495	6.210
4, 7, 9, 21, 	4.868	5.013	0.814	0.844	6.737	6.821	6.322
4, 7, 9, 21, 37, 	4.860	5.013	0.776	0.844	7.064	7.498	6.458
4, 7, 9, 21, 37, 51, 	4.860	5.013	0.776	0.844	7.334	7.655	6.543
4, 7, 9, 21, 37, 51, 52, 	4.860	5.042	0.760	0.844	7.513	8.052	6.592
1.000	0.821	0.814	0.816	0.778	0.797	0.772	
0.821	1.000	0.826	0.844	0.802	0.827	0.809	
0.814	0.826	1.000	0.817	0.776	0.816	0.801	
0.816	0.844	0.817	1.000	0.779	0.817	0.818	
0.778	0.802	0.776	0.779	1.000	0.785	0.760	
0.797	0.827	0.816	0.817	0.785	1.000	0.804	
0.772	0.809	0.801	0.818	0.760	0.804	1.000	
Group 5 Got Member: 49	48	47	53	46	45	54	8	2	39	40	1	38	
Representation node count: 0
3.765	3.015	5.535	5.106	3.065	5.330	5.505	5.082	2.509	2.566	4.471	3.985	4.604	
49, 48, 	3.015	3.765	0.574	0.574	4.834	5.369	4.299
49, 48, 47, 	3.015	5.535	0.528	0.734	6.520	10.066	4.323
49, 48, 47, 53, 	3.015	5.535	0.526	0.807	7.031	11.515	4.151
49, 48, 47, 53, 46, 	3.015	5.535	0.485	0.807	7.168	13.409	4.275
49, 48, 47, 53, 46, 45, 	3.015	5.535	0.485	0.842	7.378	14.346	4.070
49, 48, 47, 53, 46, 45, 54, 	3.015	5.535	0.485	0.842	7.533	15.055	4.101
49, 48, 47, 53, 46, 45, 54, 8, 	3.015	5.535	0.485	0.842	7.615	15.593	4.119
49, 48, 47, 53, 46, 45, 54, 8, 2, 	2.509	5.535	0.240	0.842	7.816	27.950	3.436
49, 48, 47, 53, 46, 45, 54, 8, 2, 39, 	2.509	5.535	0.236	0.842	7.874	29.790	3.441
49, 48, 47, 53, 46, 45, 54, 8, 2, 39, 40, 	2.509	5.535	0.236	0.842	7.893	31.155	3.444
49, 48, 47, 53, 46, 45, 54, 8, 2, 39, 40, 1, 	2.509	5.535	0.236	0.842	7.930	32.359	3.445
49, 48, 47, 53, 46, 45, 54, 8, 2, 39, 40, 1, 38, 	2.509	5.535	0.236	0.842	7.969	33.421	3.446
1.000	0.574	0.734	0.740	0.635	0.751	0.730	0.758	0.352	0.580	0.711	0.526	0.571	
0.574	1.000	0.528	0.526	0.485	0.534	0.575	0.552	0.283	0.411	0.498	0.430	0.456	
0.734	0.528	1.000	0.807	0.605	0.842	0.808	0.840	0.337	0.528	0.749	0.574	0.658	
0.740	0.526	0.807	1.000	0.648	0.831	0.768	0.807	0.308	0.585	0.720	0.576	0.623	
0.635	0.485	0.605	0.648	1.000	0.610	0.626	0.616	0.240	0.657	0.543	0.434	0.498	
0.751	0.534	0.842	0.831	0.610	1.000	0.818	0.838	0.328	0.526	0.761	0.605	0.635	
0.730	0.575	0.808	0.768	0.626	0.818	1.000	0.809	0.365	0.521	0.719	0.646	0.620	
0.758	0.552	0.840	0.807	0.616	0.838	0.809	1.000	0.330	0.523	0.738	0.583	0.624	
0.352	0.283	0.337	0.308	0.240	0.328	0.365	0.330	1.000	0.236	0.340	0.255	0.251	
0.580	0.411	0.528	0.585	0.657	0.526	0.521	0.523	0.236	1.000	0.482	0.381	0.452	
0.711	0.498	0.749	0.720	0.543	0.761	0.719	0.738	0.340	0.482	1.000	0.543	0.547	
0.526	0.430	0.574	0.576	0.434	0.605	0.646	0.583	0.255	0.381	0.543	1.000	0.424	
0.571	0.456	0.658	0.623	0.498	0.635	0.620	0.624	0.251	0.452	0.547	0.424	1.000	
Group 6 Got Member: 13	36	33	34	14	31	32	29	23	16	28	20	26	25	
Representation node count: 0
2.560	3.484	3.614	3.849	5.071	4.424	4.376	5.227	4.419	2.890	6.040	2.907	3.591	3.720	
13, 36, 	2.560	3.484	0.514	0.514	4.491	5.178	3.805
13, 36, 33, 	2.560	3.614	0.444	0.602	5.685	7.191	4.291
13, 36, 33, 34, 	2.560	3.849	0.444	0.722	6.043	8.955	4.018
13, 36, 33, 34, 14, 	2.560	5.071	0.444	0.722	7.133	13.128	4.203
13, 36, 33, 34, 14, 31, 	2.560	5.071	0.422	0.722	7.565	14.719	4.322
13, 36, 33, 34, 14, 31, 32, 	2.560	5.071	0.422	0.772	7.707	15.617	3.993
13, 36, 33, 34, 14, 31, 32, 29, 	2.560	5.227	0.422	0.772	7.898	16.829	4.025
13, 36, 33, 34, 14, 31, 32, 29, 23, 	2.560	5.227	0.422	0.772	7.953	17.405	4.044
13, 36, 33, 34, 14, 31, 32, 29, 23, 16, 	2.560	5.227	0.309	0.772	7.961	23.470	4.056
13, 36, 33, 34, 14, 31, 32, 29, 23, 16, 28, 	2.560	6.040	0.309	0.806	7.984	28.043	3.784
13, 36, 33, 34, 14, 31, 32, 29, 23, 16, 28, 20, 	2.560	6.040	0.304	0.806	7.984	29.205	3.787
13, 36, 33, 34, 14, 31, 32, 29, 23, 16, 28, 20, 26, 	2.560	6.040	0.304	0.806	7.992	29.892	3.789
13, 36, 33, 34, 14, 31, 32, 29, 23, 16, 28, 20, 26, 25, 	2.560	6.040	0.237	0.806	7.992	37.380	3.790
1.000	0.514	0.444	0.580	0.525	0.422	0.559	0.490	0.652	0.359	0.527	0.517	0.484	0.305	
0.514	1.000	0.602	0.722	0.587	0.582	0.698	0.666	0.642	0.389	0.668	0.613	0.451	0.402	
0.444	0.602	1.000	0.666	0.514	0.616	0.627	0.611	0.510	0.309	0.604	0.583	0.366	0.362	
0.580	0.722	0.666	1.000	0.658	0.636	0.772	0.698	0.680	0.456	0.729	0.609	0.501	0.457	
0.525	0.587	0.514	0.658	1.000	0.552	0.660	0.630	0.695	0.460	0.712	0.513	0.560	0.495	
0.422	0.582	0.616	0.636	0.552	1.000	0.633	0.698	0.559	0.370	0.706	0.535	0.439	0.439	
0.559	0.698	0.627	0.772	0.660	0.633	1.000	0.720	0.697	0.457	0.771	0.601	0.512	0.468	
0.490	0.666	0.611	0.698	0.630	0.698	0.720	1.000	0.653	0.470	0.806	0.595	0.538	0.537	
0.652	0.642	0.510	0.680	0.695	0.559	0.697	0.653	1.000	0.509	0.721	0.595	0.588	0.490	
0.359	0.389	0.309	0.456	0.460	0.370	0.457	0.470	0.509	1.000	0.519	0.304	0.335	0.237	
0.527	0.668	0.604	0.729	0.712	0.706	0.771	0.806	0.721	0.519	1.000	0.588	0.572	0.567	
0.517	0.613	0.583	0.609	0.513	0.535	0.601	0.595	0.595	0.304	0.588	1.000	0.425	0.377	
0.484	0.451	0.366	0.501	0.560	0.439	0.512	0.538	0.588	0.335	0.572	0.425	1.000	0.363	
0.305	0.402	0.362	0.457	0.495	0.439	0.468	0.537	0.490	0.237	0.567	0.377	0.363	1.000	
Round 1280:
Group 1 Got Member: 3	12	20	37	39	53	
Representation node count: 4
4.083	4.126	3.949	4.098	3.949	4.123	
3, 12, 	4.083	4.126	0.778	0.778	5.018	5.044	4.992
3, 12, 20, 	3.949	4.126	0.713	0.778	5.691	6.071	5.364
3, 12, 20, 37, 	3.949	4.126	0.713	0.801	5.996	6.561	5.485
3, 12, 20, 37, 39, 	3.949	4.126	0.713	0.801	6.283	6.877	5.654
3, 12, 20, 37, 39, 53, 	3.949	4.126	0.713	0.801	6.552	7.079	5.755
1.000	0.778	0.726	0.768	0.739	0.727	
0.778	1.000	0.713	0.801	0.780	0.771	
0.726	0.713	1.000	0.739	0.722	0.737	
0.768	0.801	0.739	1.000	0.794	0.757	
0.739	0.780	0.722	0.794	1.000	0.730	
0.727	0.771	0.737	0.757	0.730	1.000	
Group 2 Got Member: 25	29	16	32	15	52	
Representation node count: 5
4.604	4.430	4.595	4.556	4.589	4.471	
25, 29, 	4.430	4.604	0.704	0.704	5.852	5.965	5.740
25, 29, 16, 	4.430	4.604	0.681	0.738	6.505	7.044	6.321
25, 29, 16, 32, 	4.430	4.604	0.610	0.738	7.065	8.510	6.783
25, 29, 16, 32, 15, 	4.430	4.604	0.572	0.738	7.388	9.707	7.074
25, 29, 16, 32, 15, 52, 	4.430	4.604	0.572	0.738	7.626	10.220	7.257
1.000	0.704	0.738	0.673	0.622	0.622	
0.704	1.000	0.681	0.610	0.592	0.585	
0.738	0.681	1.000	0.660	0.667	0.672	
0.673	0.610	0.660	1.000	0.572	0.575	
0.622	0.592	0.667	0.572	1.000	0.601	
0.622	0.585	0.672	0.575	0.601	1.000	
Group 3 Got Member: 23	38	43	46	48	50	
Representation node count: 3
5.133	5.005	5.107	5.111	5.152	5.141	
23, 38, 	5.005	5.133	0.811	0.811	6.027	6.103	5.951
23, 38, 43, 	5.005	5.133	0.811	0.840	6.461	6.679	6.270
23, 38, 43, 46, 	5.005	5.133	0.811	0.840	6.892	7.028	6.540
23, 38, 43, 46, 48, 	5.005	5.152	0.811	0.840	7.171	7.259	6.696
23, 38, 43, 46, 48, 50, 	5.005	5.152	0.802	0.840	7.381	7.506	6.787
1.000	0.811	0.840	0.811	0.818	0.802	
0.811	1.000	0.840	0.813	0.825	0.802	
0.840	0.840	1.000	0.821	0.832	0.802	
0.811	0.813	0.821	1.000	0.834	0.829	
0.818	0.825	0.832	0.834	1.000	0.802	
0.802	0.802	0.802	0.829	0.802	1.000	
Group 4 Got Member: 49	51	47	45	54	8	44	5	7	9	4	10	2	6	40	11	42	41	
Representation node count: 0
3.435	4.129	4.152	3.714	3.329	3.451	5.520	2.919	2.476	3.190	2.322	3.748	3.579	3.765	4.767	3.769	4.647	4.846	
49, 51, 	3.435	4.129	0.651	0.651	5.103	5.571	4.635
49, 51, 47, 	3.435	4.152	0.651	0.735	5.762	6.580	4.924
49, 51, 47, 45, 	3.435	4.152	0.641	0.735	6.244	7.346	5.289
49, 51, 47, 45, 54, 	3.329	4.152	0.518	0.735	6.533	9.544	5.349
49, 51, 47, 45, 54, 8, 	3.329	4.152	0.518	0.735	6.781	10.146	5.490
49, 51, 47, 45, 54, 8, 44, 	3.329	5.520	0.518	0.772	7.145	14.084	5.187
49, 51, 47, 45, 54, 8, 44, 5, 	2.919	5.520	0.459	0.772	7.362	16.432	4.584
49, 51, 47, 45, 54, 8, 44, 5, 7, 	2.476	5.520	0.259	0.772	7.587	26.666	3.907
49, 51, 47, 45, 54, 8, 44, 5, 7, 9, 	2.476	5.520	0.256	0.772	7.749	28.254	3.918
49, 51, 47, 45, 54, 8, 44, 5, 7, 9, 4, 	2.322	5.520	0.220	0.772	7.891	32.501	3.680
49, 51, 47, 45, 54, 8, 44, 5, 7, 9, 4, 10, 	2.322	5.520	0.220	0.772	7.938	33.848	3.685
49, 51, 47, 45, 54, 8, 44, 5, 7, 9, 4, 10, 2, 	2.322	5.520	0.220	0.772	7.945	35.047	3.687
49, 51, 47, 45, 54, 8, 44, 5, 7, 9, 4, 10, 2, 6, 	2.322	5.520	0.220	0.772	7.969	36.115	3.688
49, 51, 47, 45, 54, 8, 44, 5, 7, 9, 4, 10, 2, 6, 40, 	2.322	5.520	0.220	0.772	7.977	37.065	3.689
49, 51, 47, 45, 54, 8, 44, 5, 7, 9, 4, 10, 2, 6, 40, 11, 	2.322	5.520	0.217	0.772	7.977	38.191	3.690
49, 51, 47, 45, 54, 8, 44, 5, 7, 9, 4, 10, 2, 6, 40, 11, 42, 	2.322	5.520	0.217	0.782	7.984	38.960	3.616
49, 51, 47, 45, 54, 8, 44, 5, 7, 9, 4, 10, 2, 6, 40, 11, 42, 41, 	2.322	5.520	0.217	0.811	7.992	39.645	3.406
1.000	0.651	0.735	0.641	0.580	0.633	0.707	0.572	0.442	0.507	0.337	0.523	0.734	0.593	0.636	0.577	0.663	0.712	
0.651	1.000	0.688	0.655	0.572	0.593	0.751	0.516	0.379	0.472	0.324	0.530	0.671	0.566	0.635	0.612	0.694	0.720	
0.735	0.688	1.000	0.656	0.641	0.701	0.772	0.597	0.427	0.501	0.305	0.558	0.719	0.621	0.700	0.620	0.730	0.747	
0.641	0.655	0.656	1.000	0.518	0.590	0.696	0.475	0.387	0.450	0.338	0.469	0.635	0.541	0.633	0.525	0.623	0.672	
0.580	0.572	0.641	0.518	1.000	0.533	0.634	0.459	0.320	0.393	0.315	0.410	0.617	0.501	0.540	0.441	0.586	0.587	
0.633	0.593	0.701	0.590	0.533	1.000	0.689	0.463	0.301	0.361	0.220	0.426	0.628	0.579	0.633	0.506	0.650	0.656	
0.707	0.751	0.772	0.696	0.634	0.689	1.000	0.555	0.418	0.529	0.307	0.623	0.714	0.638	0.770	0.684	0.782	0.811	
0.572	0.516	0.597	0.475	0.459	0.463	0.555	1.000	0.259	0.417	0.231	0.378	0.565	0.505	0.481	0.434	0.489	0.553	
0.442	0.379	0.427	0.387	0.320	0.301	0.418	0.259	1.000	0.256	0.511	0.297	0.447	0.348	0.403	0.311	0.400	0.423	
0.507	0.472	0.501	0.450	0.393	0.361	0.529	0.417	0.256	1.000	0.261	0.362	0.495	0.409	0.440	0.377	0.504	0.528	
0.337	0.324	0.305	0.338	0.315	0.220	0.307	0.231	0.511	0.261	1.000	0.229	0.351	0.295	0.253	0.217	0.258	0.283	
0.523	0.530	0.558	0.469	0.410	0.426	0.623	0.378	0.297	0.362	0.229	1.000	0.519	0.432	0.562	0.691	0.523	0.572	
0.734	0.671	0.719	0.635	0.617	0.628	0.714	0.565	0.447	0.495	0.351	0.519	1.000	0.613	0.654	0.579	0.678	0.685	
0.593	0.566	0.621	0.541	0.501	0.579	0.638	0.505	0.348	0.409	0.295	0.432	0.613	1.000	0.565	0.480	0.602	0.631	
0.636	0.635	0.700	0.633	0.540	0.633	0.770	0.481	0.403	0.440	0.253	0.562	0.654	0.565	1.000	0.613	0.728	0.741	
0.577	0.612	0.620	0.525	0.441	0.506	0.684	0.434	0.311	0.377	0.217	0.691	0.579	0.480	0.613	1.000	0.588	0.621	
0.663	0.694	0.730	0.623	0.586	0.650	0.782	0.489	0.400	0.504	0.258	0.523	0.678	0.602	0.728	0.588	1.000	0.775	
0.712	0.720	0.747	0.672	0.587	0.656	0.811	0.553	0.423	0.528	0.283	0.572	0.685	0.631	0.741	0.621	0.775	1.000	
Group 5 Got Member: 1	35	13	36	33	34	14	31	18	30	19	27	21	17	28	26	22	24	
Representation node count: 0
4.743	3.349	4.159	3.379	4.369	3.650	4.118	3.397	2.981	4.283	1.456	4.700	1.810	3.876	2.741	4.904	2.429	3.146	
1, 35, 	3.349	4.743	0.699	0.699	5.264	6.171	4.358
1, 35, 13, 	3.349	4.743	0.696	0.744	5.940	7.125	4.745
1, 35, 13, 36, 	3.349	4.743	0.696	0.744	6.107	7.738	5.083
1, 35, 13, 36, 33, 	3.349	4.743	0.696	0.811	6.446	8.137	4.715
1, 35, 13, 36, 33, 34, 	3.349	4.743	0.696	0.811	6.589	8.398	4.794
1, 35, 13, 36, 33, 34, 14, 	3.349	4.743	0.696	0.811	6.927	8.567	4.841
1, 35, 13, 36, 33, 34, 14, 31, 	3.349	4.743	0.530	0.811	7.268	12.184	4.869
1, 35, 13, 36, 33, 34, 14, 31, 18, 	2.981	4.743	0.375	0.811	7.497	17.533	4.348
1, 35, 13, 36, 33, 34, 14, 31, 18, 30, 	2.981	4.743	0.375	0.811	7.597	18.095	4.357
1, 35, 13, 36, 33, 34, 14, 31, 18, 30, 19, 	1.456	4.743	0.139	0.811	7.807	34.911	2.131
1, 35, 13, 36, 33, 34, 14, 31, 18, 30, 19, 27, 	1.456	4.743	0.139	0.811	7.872	36.898	2.132
1, 35, 13, 36, 33, 34, 14, 31, 18, 30, 19, 27, 21, 	1.456	4.743	0.084	0.811	7.906	46.379	2.133
1, 35, 13, 36, 33, 34, 14, 31, 18, 30, 19, 27, 21, 17, 	1.456	4.743	0.084	0.811	7.930	48.976	2.134
1, 35, 13, 36, 33, 34, 14, 31, 18, 30, 19, 27, 21, 17, 28, 	1.456	4.743	0.053	0.811	7.953	57.891	2.134
1, 35, 13, 36, 33, 34, 14, 31, 18, 30, 19, 27, 21, 17, 28, 26, 	1.456	4.904	0.053	0.815	7.977	63.037	2.118
1, 35, 13, 36, 33, 34, 14, 31, 18, 30, 19, 27, 21, 17, 28, 26, 22, 	1.456	4.904	0.053	0.815	7.984	66.144	2.118
1, 35, 13, 36, 33, 34, 14, 31, 18, 30, 19, 27, 21, 17, 28, 26, 22, 24, 	1.456	4.904	0.053	0.815	7.984	69.169	2.118
1.000	0.699	0.744	0.741	0.811	0.776	0.730	0.599	0.496	0.781	0.162	0.702	0.344	0.752	0.299	0.815	0.525	0.570	
0.699	1.000	0.696	0.700	0.748	0.741	0.702	0.553	0.509	0.726	0.165	0.641	0.341	0.754	0.216	0.728	0.560	0.533	
0.744	0.696	1.000	0.708	0.756	0.768	0.708	0.530	0.453	0.724	0.172	0.642	0.343	0.735	0.254	0.721	0.464	0.518	
0.741	0.700	0.708	1.000	0.751	0.746	0.711	0.550	0.472	0.694	0.166	0.631	0.351	0.703	0.245	0.749	0.486	0.542	
0.811	0.748	0.756	0.751	1.000	0.790	0.749	0.591	0.532	0.766	0.159	0.693	0.343	0.804	0.270	0.810	0.547	0.556	
0.776	0.741	0.768	0.746	0.790	1.000	0.733	0.560	0.498	0.763	0.168	0.643	0.341	0.771	0.252	0.771	0.532	0.564	
0.730	0.702	0.708	0.711	0.749	0.733	1.000	0.569	0.472	0.719	0.167	0.654	0.353	0.724	0.254	0.737	0.480	0.475	
0.599	0.553	0.530	0.550	0.591	0.560	0.569	1.000	0.375	0.590	0.167	0.558	0.331	0.552	0.267	0.624	0.369	0.418	
0.496	0.509	0.453	0.472	0.532	0.498	0.472	0.375	1.000	0.515	0.139	0.461	0.213	0.514	0.127	0.516	0.624	0.381	
0.781	0.726	0.724	0.694	0.766	0.763	0.719	0.590	0.515	1.000	0.169	0.686	0.359	0.779	0.288	0.774	0.524	0.538	
0.162	0.165	0.172	0.166	0.159	0.168	0.167	0.167	0.139	0.169	1.000	0.182	0.084	0.167	0.053	0.151	0.121	0.144	
0.702	0.641	0.642	0.631	0.693	0.643	0.654	0.558	0.461	0.686	0.182	1.000	0.319	0.676	0.316	0.709	0.460	0.551	
0.344	0.341	0.343	0.351	0.343	0.341	0.353	0.331	0.213	0.359	0.084	0.319	1.000	0.349	0.111	0.354	0.217	0.259	
0.752	0.754	0.735	0.703	0.804	0.771	0.724	0.552	0.514	0.779	0.167	0.676	0.349	1.000	0.231	0.767	0.522	0.530	
0.299	0.216	0.254	0.245	0.270	0.252	0.254	0.267	0.127	0.288	0.053	0.316	0.111	0.231	1.000	0.329	0.121	0.192	
0.815	0.728	0.721	0.749	0.810	0.771	0.737	0.624	0.516	0.774	0.151	0.709	0.354	0.767	0.329	1.000	0.534	0.579	
0.525	0.560	0.464	0.486	0.547	0.532	0.480	0.369	0.624	0.524	0.121	0.460	0.217	0.522	0.121	0.534	1.000	0.387	
0.570	0.533	0.518	0.542	0.556	0.564	0.475	0.418	0.381	0.538	0.144	0.551	0.259	0.530	0.192	0.579	0.387	1.000	
Round 1536:
Group 1 Got Member: 10	26	39	53	47	4	43	
Representation node count: 6
3.890	3.692	3.832	3.870	3.890	3.742	3.722	
10, 26, 	3.692	3.890	0.773	0.773	4.652	4.773	4.531
10, 26, 39, 	3.692	3.890	0.724	0.773	5.273	5.650	5.045
10, 26, 39, 53, 	3.692	3.890	0.724	0.826	5.584	6.087	4.936
10, 26, 39, 53, 47, 	3.692	3.890	0.616	0.826	6.214	7.625	5.066
10, 26, 39, 53, 47, 4, 	3.692	3.890	0.516	0.826	6.671	9.550	5.143
10, 26, 39, 53, 47, 4, 43, 	3.692	3.890	0.507	0.826	7.123	10.151	5.188
1.000	0.773	0.724	0.744	0.637	0.614	0.580	
0.773	1.000	0.755	0.826	0.659	0.642	0.607	
0.724	0.755	1.000	0.786	0.616	0.718	0.650	
0.744	0.826	0.786	1.000	0.636	0.680	0.621	
0.637	0.659	0.616	0.636	1.000	0.516	0.507	
0.614	0.642	0.718	0.680	0.516	1.000	0.550	
0.580	0.607	0.650	0.621	0.507	0.550	1.000	
Group 2 Got Member: 6	8	16	44	11	25	
Representation node count: 4
4.028	4.061	4.057	3.974	3.994	4.023	
6, 8, 	4.028	4.061	0.821	0.821	4.769	4.789	4.750
6, 8, 16, 	4.028	4.061	0.725	0.821	5.538	5.887	5.176
6, 8, 16, 44, 	3.974	4.061	0.703	0.821	6.033	6.559	5.353
6, 8, 16, 44, 11, 	3.974	4.061	0.651	0.821	6.424	7.519	5.499
6, 8, 16, 44, 11, 25, 	3.974	4.061	0.648	0.821	6.724	7.849	5.585
1.000	0.821	0.767	0.764	0.710	0.727	
0.821	1.000	0.725	0.764	0.721	0.736	
0.767	0.725	1.000	0.703	0.651	0.653	
0.764	0.764	0.703	1.000	0.685	0.682	
0.710	0.721	0.651	0.685	1.000	0.648	
0.727	0.736	0.653	0.682	0.648	1.000	
Group 3 Got Member: 9	13	19	33	34	52	
Representation node count: 5
4.084	4.109	4.283	4.168	4.131	4.264	
9, 13, 	4.084	4.109	0.783	0.783	4.984	4.999	4.968
9, 13, 19, 	4.084	4.283	0.759	0.783	5.692	5.953	5.506
9, 13, 19, 33, 	4.084	4.283	0.613	0.783	6.644	7.891	5.834
9, 13, 19, 33, 34, 	4.084	4.283	0.613	0.783	7.066	8.445	6.033
9, 13, 19, 33, 34, 52, 	4.084	4.283	0.539	0.783	7.307	10.087	6.154
1.000	0.783	0.780	0.615	0.623	0.704	
0.783	1.000	0.759	0.613	0.629	0.671	
0.780	0.759	1.000	0.632	0.661	0.697	
0.615	0.613	0.632	1.000	0.633	0.539	
0.623	0.629	0.661	0.633	1.000	0.540	
0.704	0.671	0.697	0.539	0.540	1.000	
Group 4 Got Member: 15	20	41	12	29	37	
Representation node count: 5
4.479	4.348	4.332	4.453	4.328	4.399	
15, 20, 	4.348	4.479	0.713	0.713	5.678	5.763	5.594
15, 20, 41, 	4.332	4.479	0.708	0.771	6.184	6.631	5.931
15, 20, 41, 12, 	4.332	4.479	0.681	0.775	6.674	7.469	6.271
15, 20, 41, 12, 29, 	4.328	4.479	0.638	0.775	7.246	8.462	6.490
