Round 256:
Group 1 Got Member: 40	45	47	4	10	31	52	
3.296	3.209	3.327	3.275	3.408	3.358	3.400	
40, 45, 	3.209	3.296	0.715	0.715	4.180	4.236	4.125
40, 45, 47, 	3.209	3.327	0.715	0.759	4.703	4.887	4.461
40, 45, 47, 4, 	3.209	3.327	0.715	0.781	5.061	5.280	4.601
40, 45, 47, 4, 10, 	3.209	3.408	0.652	0.781	5.723	6.297	4.760
40, 45, 47, 4, 10, 31, 	3.209	3.408	0.652	0.781	6.024	6.542	4.857
40, 45, 47, 4, 10, 31, 52, 	3.209	3.408	0.600	0.781	6.350	7.412	4.916
1.000	0.715	0.749	0.760	0.673	0.695	0.635	
0.715	1.000	0.759	0.736	0.690	0.743	0.666	
0.749	0.759	1.000	0.781	0.652	0.736	0.694	
0.760	0.736	0.781	1.000	0.705	0.733	0.673	
0.673	0.690	0.652	0.705	1.000	0.696	0.600	
0.695	0.743	0.736	0.733	0.696	1.000	0.684	
0.635	0.666	0.694	0.673	0.600	0.684	1.000	
Group 2 Got Member: 8	22	28	41	42	9	51	
3.504	3.522	3.478	3.435	3.347	3.442	3.457	
8, 22, 	3.504	3.522	0.786	0.786	4.266	4.278	4.255
8, 22, 28, 	3.478	3.522	0.733	0.796	4.800	5.057	4.613
8, 22, 28, 41, 	3.435	3.522	0.718	0.796	5.233	5.563	4.810
8, 22, 28, 41, 42, 	3.347	3.522	0.700	0.796	5.706	5.998	4.835
8, 22, 28, 41, 42, 9, 	3.347	3.522	0.692	0.796	6.074	6.283	4.924
8, 22, 28, 41, 42, 9, 51, 	3.347	3.522	0.629	0.796	6.385	7.239	4.978
1.000	0.786	0.796	0.792	0.732	0.737	0.685	
0.786	1.000	0.733	0.756	0.708	0.749	0.707	
0.796	0.733	1.000	0.718	0.700	0.716	0.644	
0.792	0.756	0.718	1.000	0.722	0.740	0.683	
0.732	0.708	0.700	0.722	1.000	0.692	0.629	
0.737	0.749	0.716	0.740	0.692	1.000	0.662	
0.685	0.707	0.644	0.683	0.629	0.662	1.000	
Group 3 Got Member: 21	23	24	44	50	38	
3.567	3.533	3.617	3.633	3.646	3.594	
21, 23, 	3.533	3.567	0.795	0.795	4.278	4.298	4.257
21, 23, 24, 	3.533	3.617	0.765	0.795	4.903	4.992	4.694
21, 23, 24, 44, 	3.533	3.633	0.757	0.795	5.340	5.406	4.957
21, 23, 24, 44, 50, 	3.533	3.646	0.704	0.795	5.820	6.168	5.115
21, 23, 24, 44, 50, 38, 	3.533	3.646	0.673	0.795	6.152	6.735	5.211
1.000	0.795	0.766	0.768	0.731	0.719	
0.795	1.000	0.765	0.771	0.724	0.735	
0.766	0.765	1.000	0.757	0.761	0.747	
0.768	0.771	0.757	1.000	0.704	0.722	
0.731	0.724	0.761	0.704	1.000	0.673	
0.719	0.735	0.747	0.722	0.673	1.000	
Group 4 Got Member: 6	25	29	30	32	35	37	54	
3.958	3.833	3.906	3.910	3.962	3.928	3.953	3.952	
6, 25, 	3.833	3.958	0.788	0.788	4.721	4.797	4.645
6, 25, 29, 	3.833	3.958	0.774	0.796	5.267	5.397	5.085
6, 25, 29, 30, 	3.833	3.958	0.774	0.819	5.586	5.733	5.175
6, 25, 29, 30, 32, 	3.833	3.962	0.737	0.819	5.998	6.343	5.317
6, 25, 29, 30, 32, 35, 	3.833	3.962	0.737	0.819	6.249	6.510	5.401
6, 25, 29, 30, 32, 35, 37, 	3.833	3.962	0.710	0.819	6.521	6.964	5.451
6, 25, 29, 30, 32, 35, 37, 54, 	3.833	3.962	0.710	0.819	6.711	7.047	5.480
1.000	0.788	0.774	0.782	0.737	0.765	0.772	0.757	
0.788	1.000	0.796	0.812	0.737	0.759	0.782	0.757	
0.774	0.796	1.000	0.819	0.754	0.741	0.797	0.787	
0.782	0.812	0.819	1.000	0.749	0.760	0.803	0.784	
0.737	0.737	0.754	0.749	1.000	0.777	0.710	0.744	
0.765	0.759	0.741	0.760	0.777	1.000	0.733	0.745	
0.772	0.782	0.797	0.803	0.710	0.733	1.000	0.759	
0.757	0.757	0.787	0.784	0.744	0.745	0.759	1.000	
Group 5 Got Member: 1	2	5	13	26	27	33	43	
4.021	4.036	4.021	4.013	4.097	4.063	4.073	4.042	
1, 2, 	4.021	4.036	0.770	0.770	4.955	4.964	4.946
1, 2, 5, 	4.021	4.036	0.770	1.000	4.955	5.535	4.021
1, 2, 5, 13, 	4.013	4.036	0.761	1.000	5.530	5.965	4.013
1, 2, 5, 13, 26, 	4.013	4.097	0.744	1.000	5.948	6.484	4.013
1, 2, 5, 13, 26, 27, 	4.013	4.097	0.744	1.000	6.270	6.647	4.013
1, 2, 5, 13, 26, 27, 33, 	4.013	4.097	0.744	1.000	6.639	6.750	4.013
1, 2, 5, 13, 26, 27, 33, 43, 	4.013	4.097	0.744	1.000	6.823	6.815	4.013
1.000	0.770	1.000	0.765	0.789	0.782	0.768	0.821	
0.770	1.000	0.770	0.761	0.775	0.762	0.747	0.760	
1.000	0.770	1.000	0.765	0.789	0.782	0.768	0.821	
0.765	0.761	0.765	1.000	0.744	0.780	0.760	0.748	
0.789	0.775	0.789	0.744	1.000	0.809	0.774	0.776	
0.782	0.762	0.782	0.780	0.809	1.000	0.786	0.785	
0.768	0.747	0.768	0.760	0.774	0.786	1.000	0.775	
0.821	0.760	0.821	0.748	0.776	0.785	0.775	1.000	
Group 6 Got Member: 12	14	19	11	17	16	
4.377	4.343	4.350	4.318	4.246	4.226	
12, 14, 	4.343	4.377	0.702	0.702	5.660	5.682	5.639
12, 14, 19, 	4.343	4.377	0.702	0.750	6.190	6.529	6.104
12, 14, 19, 11, 	4.318	4.377	0.661	0.750	6.631	7.520	6.490
12, 14, 19, 11, 17, 	4.246	4.377	0.601	0.750	7.197	8.802	6.639
12, 14, 19, 11, 17, 16, 	4.226	4.377	0.593	0.750	7.428	9.357	6.769
1.000	0.702	0.725	0.661	0.618	0.655	
0.702	1.000	0.750	0.731	0.628	0.733	
0.725	0.750	1.000	0.728	0.628	0.686	
0.661	0.731	0.728	1.000	0.601	0.653	
0.618	0.628	0.628	0.601	1.000	0.593	
0.655	0.733	0.686	0.653	0.593	1.000	
Group 7 Got Member: 49	48	53	46	7	39	
5.374	3.009	3.778	3.126	3.026	4.016	
49, 48, 	3.009	5.374	0.665	0.665	5.594	7.173	4.016
49, 48, 53, 	3.009	5.374	0.665	0.713	6.038	8.373	4.429
49, 48, 53, 46, 	3.009	5.374	0.662	0.730	6.278	9.214	4.664
49, 48, 53, 46, 7, 	3.009	5.374	0.631	0.756	6.525	10.276	4.661
49, 48, 53, 46, 7, 39, 	3.009	5.374	0.606	0.756	6.771	11.216	4.771
1.000	0.665	0.713	0.662	0.631	0.752	
0.665	1.000	0.686	0.730	0.713	0.649	
0.713	0.686	1.000	0.694	0.668	0.661	
0.662	0.730	0.694	1.000	0.756	0.648	
0.631	0.713	0.668	0.756	1.000	0.606	
0.752	0.649	0.661	0.648	0.606	1.000	
Group 8 Got Member: 3	36	34	15	18	20	
3.670	5.060	4.500	5.024	3.690	4.461	
3, 36, 	3.670	5.060	0.708	0.708	5.641	6.539	4.743
3, 36, 34, 	3.670	5.060	0.695	0.721	6.261	7.606	5.347
3, 36, 34, 15, 	3.670	5.060	0.686	0.744	6.897	8.382	5.571
3, 36, 34, 15, 18, 	3.670	5.060	0.681	0.749	7.021	8.897	5.750
3, 36, 34, 15, 18, 20, 	3.670	5.060	0.681	0.752	7.250	9.201	5.863
1.000	0.708	0.695	0.716	0.749	0.740	
0.708	1.000	0.721	0.744	0.691	0.749	
0.695	0.721	1.000	0.686	0.707	0.685	
0.716	0.744	0.686	1.000	0.681	0.715	
0.749	0.691	0.707	0.681	1.000	0.752	
0.740	0.749	0.685	0.715	0.752	1.000	
Round 512:
Group 1 Got Member: 25	51	7	40	31	48	
3.161	2.970	2.984	3.168	3.032	3.021	
25, 51, 	2.970	3.161	0.701	0.701	3.983	4.107	3.860
25, 51, 7, 	2.970	3.161	0.630	0.701	4.720	5.134	4.437
25, 51, 7, 40, 	2.970	3.168	0.620	0.701	5.351	5.773	4.813
25, 51, 7, 40, 31, 	2.970	3.168	0.599	0.729	5.624	6.386	4.818
25, 51, 7, 40, 31, 48, 	2.970	3.168	0.540	0.729	6.298	7.443	4.950
1.000	0.701	0.678	0.650	0.729	0.591	
0.701	1.000	0.630	0.620	0.698	0.540	
0.678	0.630	1.000	0.681	0.698	0.596	
0.650	0.620	0.681	1.000	0.599	0.554	
0.729	0.698	0.698	0.599	1.000	0.611	
0.591	0.540	0.596	0.554	0.611	1.000	
Group 2 Got Member: 18	22	24	46	47	8	28	
3.294	3.359	3.298	3.312	3.344	3.360	3.259	
18, 22, 	3.294	3.359	0.740	0.740	4.190	4.232	4.149
18, 22, 24, 	3.294	3.359	0.730	0.834	4.569	4.840	4.158
18, 22, 24, 46, 	3.294	3.359	0.730	0.834	4.855	5.205	4.344
18, 22, 24, 46, 47, 	3.294	3.359	0.730	0.834	5.195	5.436	4.452
18, 22, 24, 46, 47, 8, 	3.294	3.360	0.618	0.834	5.958	6.860	4.515
18, 22, 24, 46, 47, 8, 28, 	3.259	3.360	0.618	0.834	6.236	7.063	4.504
1.000	0.740	0.834	0.803	0.773	0.647	0.699	
0.740	1.000	0.730	0.755	0.759	0.636	0.730	
0.834	0.730	1.000	0.785	0.775	0.632	0.718	
0.803	0.755	0.785	1.000	0.799	0.618	0.690	
0.773	0.759	0.775	0.799	1.000	0.639	0.701	
0.647	0.636	0.632	0.618	0.639	1.000	0.705	
0.699	0.730	0.718	0.690	0.701	0.705	1.000	
Group 3 Got Member: 19	49	50	53	15	36	43	
4.831	4.662	4.747	4.668	4.701	4.703	4.830	
19, 49, 	4.662	4.831	0.715	0.715	6.098	6.207	5.989
19, 49, 50, 	4.662	4.831	0.715	0.733	6.701	7.090	6.694
19, 49, 50, 53, 	4.662	4.831	0.713	0.827	6.992	7.683	6.218
19, 49, 50, 53, 15, 	4.662	4.831	0.620	0.827	7.497	9.417	6.380
19, 49, 50, 53, 15, 36, 	4.662	4.831	0.613	0.827	7.712	9.957	6.475
19, 49, 50, 53, 15, 36, 43, 	4.662	4.831	0.611	0.827	7.814	10.294	6.531
1.000	0.715	0.733	0.713	0.634	0.637	0.714	
0.715	1.000	0.728	0.827	0.641	0.634	0.696	
0.733	0.728	1.000	0.737	0.620	0.617	0.747	
0.713	0.827	0.737	1.000	0.637	0.613	0.685	
0.634	0.641	0.620	0.637	1.000	0.703	0.611	
0.637	0.634	0.617	0.613	0.703	1.000	0.622	
0.714	0.696	0.747	0.685	0.611	0.622	1.000	
Group 4 Got Member: 5	12	32	35	37	1	
5.553	5.552	5.580	5.459	5.536	5.587	
5, 12, 	5.552	5.553	0.802	0.802	6.654	6.655	6.653
5, 12, 32, 	5.552	5.580	0.715	0.802	7.419	8.194	7.314
5, 12, 32, 35, 	5.459	5.580	0.712	0.802	7.732	8.893	7.581
5, 12, 32, 35, 37, 	5.459	5.580	0.700	0.802	7.869	9.503	7.814
5, 12, 32, 35, 37, 1, 	5.459	5.587	0.667	0.802	7.927	10.426	7.954
1.000	0.802	0.715	0.714	0.778	0.748	
0.802	1.000	0.757	0.742	0.799	0.741	
0.715	0.757	1.000	0.712	0.700	0.667	
0.714	0.742	0.712	1.000	0.712	0.676	
0.778	0.799	0.700	0.712	1.000	0.734	
0.748	0.741	0.667	0.676	0.734	1.000	
Group 5 Got Member: 42	41	44	38	39	45	34	2	33	4	3	52	30	6	
3.451	2.479	4.002	2.854	4.985	3.186	5.254	4.693	3.286	3.539	4.078	2.424	3.926	5.116	
42, 41, 	2.479	3.451	0.433	0.433	4.647	5.409	3.884
42, 41, 44, 	2.479	4.002	0.342	0.592	6.069	8.820	4.200
42, 41, 44, 38, 	2.479	4.002	0.269	0.592	6.704	11.651	4.700
42, 41, 44, 38, 39, 	2.479	4.985	0.269	0.592	7.577	16.874	5.052
42, 41, 44, 38, 39, 45, 	2.479	4.985	0.269	0.592	7.761	18.919	5.300
42, 41, 44, 38, 39, 45, 34, 	2.479	5.254	0.269	0.655	7.880	21.804	4.844
42, 41, 44, 38, 39, 45, 34, 2, 	2.479	5.254	0.269	0.655	7.935	23.418	4.923
42, 41, 44, 38, 39, 45, 34, 2, 33, 	2.479	5.254	0.269	0.655	7.961	24.815	4.976
42, 41, 44, 38, 39, 45, 34, 2, 33, 4, 	2.479	5.254	0.269	0.655	7.969	26.024	5.011
42, 41, 44, 38, 39, 45, 34, 2, 33, 4, 3, 	2.479	5.254	0.269	0.692	7.977	27.070	4.652
42, 41, 44, 38, 39, 45, 34, 2, 33, 4, 3, 52, 	2.424	5.254	0.269	0.692	7.977	27.976	4.561
42, 41, 44, 38, 39, 45, 34, 2, 33, 4, 3, 52, 30, 	2.424	5.254	0.269	0.692	7.977	28.760	4.568
42, 41, 44, 38, 39, 45, 34, 2, 33, 4, 3, 52, 30, 6, 	2.424	5.254	0.269	0.728	7.977	29.438	4.234
1.000	0.433	0.592	0.430	0.558	0.513	0.532	0.539	0.454	0.564	0.598	0.559	0.579	0.638	
0.433	1.000	0.342	0.269	0.388	0.374	0.312	0.399	0.363	0.442	0.341	0.330	0.422	0.410	
0.592	0.342	1.000	0.461	0.569	0.510	0.643	0.591	0.439	0.557	0.692	0.493	0.552	0.717	
0.430	0.269	0.461	1.000	0.454	0.478	0.414	0.456	0.389	0.474	0.450	0.524	0.435	0.485	
0.558	0.388	0.569	0.454	1.000	0.500	0.655	0.569	0.502	0.536	0.598	0.464	0.574	0.671	
0.513	0.374	0.510	0.478	0.500	1.000	0.484	0.505	0.408	0.648	0.502	0.595	0.552	0.563	
0.532	0.312	0.643	0.414	0.655	0.484	1.000	0.593	0.495	0.522	0.613	0.436	0.549	0.691	
0.539	0.399	0.591	0.456	0.569	0.505	0.593	1.000	0.438	0.515	0.604	0.467	0.548	0.657	
0.454	0.363	0.439	0.389	0.502	0.408	0.495	0.438	1.000	0.433	0.433	0.337	0.453	0.458	
0.564	0.442	0.557	0.474	0.536	0.648	0.522	0.515	0.433	1.000	0.556	0.689	0.626	0.607	
0.598	0.341	0.692	0.450	0.598	0.502	0.613	0.604	0.433	0.556	1.000	0.552	0.578	0.728	
0.559	0.330	0.493	0.524	0.464	0.595	0.436	0.467	0.337	0.689	0.552	1.000	0.584	0.621	
0.579	0.422	0.552	0.435	0.574	0.552	0.549	0.548	0.453	0.626	0.578	0.584	1.000	0.676	
0.638	0.410	0.717	0.485	0.671	0.563	0.691	0.657	0.458	0.607	0.728	0.621	0.676	1.000	
Group 6 Got Member: 29	54	27	10	26	9	23	11	13	21	14	20	17	16	
4.471	2.028	3.744	2.887	3.763	3.614	3.702	2.753	-0.000	3.368	4.870	3.043	5.161	5.105	
29, 54, 	2.028	4.471	0.505	0.505	4.857	6.683	3.031
29, 54, 27, 	2.028	4.471	0.505	0.622	5.746	8.337	3.323
29, 54, 27, 10, 	2.028	4.471	0.412	0.622	6.178	10.849	3.687
29, 54, 27, 10, 26, 	2.028	4.471	0.412	0.791	6.501	12.167	2.957
29, 54, 27, 10, 26, 9, 	2.028	4.471	0.412	0.791	6.988	13.213	3.014
29, 54, 27, 10, 26, 9, 23, 	2.028	4.471	0.412	0.791	7.346	14.044	3.048
29, 54, 27, 10, 26, 9, 23, 11, 	2.028	4.471	0.412	0.791	7.454	14.703	3.069
29, 54, 27, 10, 26, 9, 23, 11, 13, 	-0.000	4.471	0.000	0.791	7.454	-nan	-0.000
29, 54, 27, 10, 26, 9, 23, 11, 13, 21, 	-0.000	4.471	0.000	0.791	7.523	-nan	-0.000
29, 54, 27, 10, 26, 9, 23, 11, 13, 21, 14, 	-0.000	4.870	0.000	0.791	7.666	-nan	-0.000
29, 54, 27, 10, 26, 9, 23, 11, 13, 21, 14, 20, 	-0.000	4.870	0.000	0.791	7.785	-nan	-0.000
29, 54, 27, 10, 26, 9, 23, 11, 13, 21, 14, 20, 17, 	-0.000	5.161	0.000	0.791	7.888	-nan	-0.000
29, 54, 27, 10, 26, 9, 23, 11, 13, 21, 14, 20, 17, 16, 	-0.000	5.161	0.000	0.791	7.935	-nan	-0.000
1.000	0.505	0.622	0.498	0.613	0.573	0.572	0.526	0.000	0.614	0.722	0.491	0.635	0.670	
0.505	1.000	0.515	0.412	0.504	0.521	0.503	0.460	0.000	0.580	0.463	0.351	0.456	0.538	
0.622	0.515	1.000	0.563	0.791	0.567	0.612	0.574	0.000	0.649	0.634	0.477	0.547	0.599	
0.498	0.412	0.563	1.000	0.532	0.485	0.509	0.582	0.000	0.556	0.489	0.344	0.449	0.499	
0.613	0.504	0.791	0.532	1.000	0.542	0.576	0.547	0.000	0.628	0.603	0.455	0.532	0.584	
0.573	0.521	0.567	0.485	0.542	1.000	0.557	0.564	0.000	0.630	0.541	0.418	0.526	0.548	
0.572	0.503	0.612	0.509	0.576	0.557	1.000	0.587	0.000	0.771	0.576	0.464	0.543	0.564	
0.526	0.460	0.574	0.582	0.547	0.564	0.587	1.000	0.000	0.666	0.496	0.369	0.469	0.512	
0.000	0.000	0.000	0.000	0.000	0.000	0.000	0.000	-nan	0.000	0.000	0.000	0.000	0.000	
0.614	0.580	0.649	0.556	0.628	0.630	0.771	0.666	0.000	1.000	0.619	0.505	0.578	0.617	
0.722	0.463	0.634	0.489	0.603	0.541	0.576	0.496	0.000	0.619	1.000	0.519	0.659	0.707	
0.491	0.351	0.477	0.344	0.455	0.418	0.464	0.369	0.000	0.505	0.519	1.000	0.456	0.517	
0.635	0.456	0.547	0.449	0.532	0.526	0.543	0.469	0.000	0.578	0.659	0.456	1.000	0.692	
0.670	0.538	0.599	0.499	0.584	0.548	0.564	0.512	0.000	0.617	0.707	0.517	0.692	1.000	
Round 768:
Group 1 Got Member: 11	36	41	34	2	30	33	
4.648	4.563	4.585	4.661	4.658	4.587	4.487	
11, 36, 	4.563	4.648	0.771	0.771	5.662	5.714	5.610
11, 36, 41, 	4.563	4.648	0.707	0.771	6.389	6.887	6.254
11, 36, 41, 34, 	4.563	4.661	0.668	0.785	6.876	7.922	6.502
11, 36, 41, 34, 2, 	4.563	4.661	0.592	0.785	7.333	9.500	6.722
11, 36, 41, 34, 2, 30, 	4.563	4.661	0.540	0.785	7.656	10.963	6.856
11, 36, 41, 34, 2, 30, 33, 	4.487	4.661	0.507	0.785	7.809	12.145	6.822
1.000	0.771	0.744	0.744	0.659	0.582	0.635	
0.771	1.000	0.707	0.785	0.644	0.586	0.606	
0.744	0.707	1.000	0.668	0.592	0.540	0.573	
0.744	0.785	0.668	1.000	0.657	0.596	0.640	
0.659	0.644	0.592	0.657	1.000	0.562	0.576	
0.582	0.586	0.540	0.596	0.562	1.000	0.507	
0.635	0.606	0.573	0.640	0.576	0.507	1.000	
Group 2 Got Member: 8	10	27	28	37	3	35	
4.786	4.780	4.971	4.977	4.860	4.971	4.802	
8, 10, 	4.780	4.786	0.752	0.752	5.967	5.970	5.963
8, 10, 27, 	4.780	4.971	0.752	0.764	6.547	6.969	6.609
8, 10, 27, 28, 	4.780	4.977	0.752	0.842	6.780	7.458	6.229
8, 10, 27, 28, 37, 	4.780	4.977	0.705	0.842	7.240	8.407	6.376
8, 10, 27, 28, 37, 3, 	4.780	4.977	0.638	0.842	7.615	9.802	6.461
8, 10, 27, 28, 37, 3, 35, 	4.780	4.977	0.635	0.842	7.767	10.115	6.510
1.000	0.752	0.762	0.842	0.723	0.641	0.672	
0.752	1.000	0.764	0.755	0.786	0.697	0.672	
0.762	0.764	1.000	0.765	0.705	0.661	0.661	
0.842	0.755	0.765	1.000	0.707	0.638	0.649	
0.723	0.786	0.705	0.707	1.000	0.698	0.660	
0.641	0.697	0.661	0.638	0.698	1.000	0.635	
0.672	0.672	0.661	0.649	0.660	0.635	1.000	
Group 3 Got Member: 24	31	39	48	43	13	
5.018	5.045	5.050	5.017	5.061	5.086	
24, 31, 	5.018	5.045	0.828	0.828	5.897	5.913	5.881
24, 31, 39, 	5.018	5.050	0.748	0.828	6.755	7.116	6.387
24, 31, 39, 48, 	5.017	5.050	0.748	0.844	7.056	7.614	6.511
24, 31, 39, 48, 43, 	5.017	5.061	0.617	0.844	7.600	9.912	6.662
24, 31, 39, 48, 43, 13, 	5.017	5.086	0.600	0.844	7.798	10.730	6.749
1.000	0.828	0.748	0.833	0.623	0.712	
0.828	1.000	0.759	0.844	0.631	0.701	
0.748	0.759	1.000	0.764	0.681	0.683	
0.833	0.844	0.764	1.000	0.617	0.712	
0.623	0.631	0.681	0.617	1.000	0.600	
0.712	0.701	0.683	0.712	0.600	1.000	
Group 4 Got Member: 42	40	44	38	45	46	47	1	32	4	5	49	52	51	6	29	53	
5.813	5.961	5.298	-0.000	1.791	1.512	2.459	4.424	5.497	-0.000	3.989	3.507	-0.000	4.380	3.775	1.689	4.026	
42, 40, 	5.813	5.961	0.859	0.859	6.719	6.803	6.635
42, 40, 44, 	5.298	5.961	0.818	0.859	7.077	7.690	6.473
42, 40, 44, 38, 	-0.000	5.961	0.000	0.859	7.077	-nan	-0.000
42, 40, 44, 38, 45, 	-0.000	5.961	0.000	0.859	7.103	-nan	-0.000
42, 40, 44, 38, 45, 46, 	-0.000	5.961	0.000	0.859	7.156	-nan	-0.000
42, 40, 44, 38, 45, 46, 47, 	-0.000	5.961	0.000	0.859	7.222	-nan	-0.000
42, 40, 44, 38, 45, 46, 47, 1, 	-0.000	5.961	0.000	0.859	7.576	-nan	-0.000
42, 40, 44, 38, 45, 46, 47, 1, 32, 	-0.000	5.961	0.000	0.859	7.875	-nan	-0.000
42, 40, 44, 38, 45, 46, 47, 1, 32, 4, 	-0.000	5.961	0.000	0.859	7.875	-nan	-0.000
42, 40, 44, 38, 45, 46, 47, 1, 32, 4, 5, 	-0.000	5.961	0.000	0.859	7.906	-nan	-0.000
42, 40, 44, 38, 45, 46, 47, 1, 32, 4, 5, 49, 	-0.000	5.961	0.000	0.859	7.961	-nan	-0.000
42, 40, 44, 38, 45, 46, 47, 1, 32, 4, 5, 49, 52, 	-0.000	5.961	0.000	0.859	7.961	-nan	-0.000
42, 40, 44, 38, 45, 46, 47, 1, 32, 4, 5, 49, 52, 51, 	-0.000	5.961	0.000	0.859	7.969	-nan	-0.000
42, 40, 44, 38, 45, 46, 47, 1, 32, 4, 5, 49, 52, 51, 6, 	-0.000	5.961	0.000	0.859	7.977	-nan	-0.000
42, 40, 44, 38, 45, 46, 47, 1, 32, 4, 5, 49, 52, 51, 6, 29, 	-0.000	5.961	0.000	0.859	7.984	-nan	-0.000
42, 40, 44, 38, 45, 46, 47, 1, 32, 4, 5, 49, 52, 51, 6, 29, 53, 	-0.000	5.961	0.000	0.859	8.000	-nan	-0.000
1.000	0.859	0.818	0.000	0.452	0.367	0.550	0.670	0.768	0.000	0.676	0.567	0.000	0.742	0.685	0.373	0.674	
0.859	1.000	0.838	0.000	0.437	0.361	0.539	0.649	0.772	0.000	0.667	0.555	0.000	0.743	0.704	0.361	0.671	
0.818	0.838	1.000	0.000	0.465	0.382	0.580	0.623	0.753	0.000	0.625	0.560	0.000	0.724	0.694	0.380	0.664	
0.000	0.000	0.000	-nan	0.000	0.000	0.000	0.000	0.000	-nan	0.000	0.000	-nan	0.000	0.000	0.000	0.000	
0.452	0.437	0.465	0.000	1.000	0.313	0.336	0.324	0.453	0.000	0.520	0.391	0.000	0.474	0.290	0.542	0.462	
0.367	0.361	0.382	0.000	0.313	1.000	0.505	0.347	0.333	0.000	0.405	0.249	0.000	0.354	0.325	0.382	0.308	
0.550	0.539	0.580	0.000	0.336	0.505	1.000	0.429	0.524	0.000	0.460	0.332	0.000	0.495	0.592	0.360	0.447	
0.670	0.649	0.623	0.000	0.324	0.347	0.429	1.000	0.577	0.000	0.597	0.400	0.000	0.579	0.494	0.287	0.463	
0.768	0.772	0.753	0.000	0.453	0.333	0.524	0.577	1.000	0.000	0.585	0.527	0.000	0.655	0.577	0.364	0.625	
0.000	0.000	0.000	-nan	0.000	0.000	0.000	0.000	0.000	-nan	0.000	0.000	-nan	0.000	0.000	0.000	0.000	
0.676	0.667	0.625	0.000	0.520	0.405	0.460	0.597	0.585	0.000	1.000	0.407	0.000	0.637	0.486	0.433	0.504	
0.567	0.555	0.560	0.000	0.391	0.249	0.332	0.400	0.527	0.000	0.407	1.000	0.000	0.504	0.405	0.299	0.550	
0.000	0.000	0.000	-nan	0.000	0.000	0.000	0.000	0.000	-nan	0.000	0.000	-nan	0.000	0.000	0.000	0.000	
0.742	0.743	0.724	0.000	0.474	0.354	0.495	0.579	0.655	0.000	0.637	0.504	0.000	1.000	0.608	0.402	0.580	
0.685	0.704	0.694	0.000	0.290	0.325	0.592	0.494	0.577	0.000	0.486	0.405	0.000	0.608	1.000	0.271	0.525	
0.373	0.361	0.380	0.000	0.542	0.382	0.360	0.287	0.364	0.000	0.433	0.299	0.000	0.402	0.271	1.000	0.335	
0.674	0.671	0.664	0.000	0.462	0.308	0.447	0.463	0.625	0.000	0.504	0.550	0.000	0.580	0.525	0.335	1.000	
Group 5 Got Member: 7	50	54	26	9	23	25	21	22	12	14	18	19	20	15	17	16	
3.065	5.328	4.305	5.308	3.500	2.668	6.121	2.701	4.137	4.144	1.608	4.319	3.975	4.265	4.214	3.198	2.968	
7, 50, 	3.065	5.328	0.611	0.611	5.828	7.400	4.256
7, 50, 54, 	3.065	5.328	0.610	0.733	6.381	8.851	4.400
7, 50, 54, 26, 	3.065	5.328	0.482	0.733	7.289	11.775	4.727
7, 50, 54, 26, 9, 	3.065	5.328	0.482	0.733	7.328	12.983	4.935
7, 50, 54, 26, 9, 23, 	2.668	5.328	0.436	0.733	7.548	15.092	4.412
7, 50, 54, 26, 9, 23, 25, 	2.668	6.121	0.436	0.795	7.791	18.351	3.980
7, 50, 54, 26, 9, 23, 25, 21, 	2.668	6.121	0.430	0.795	7.872	19.365	4.006
7, 50, 54, 26, 9, 23, 25, 21, 22, 	2.668	6.121	0.430	0.795	7.880	20.006	4.022
7, 50, 54, 26, 9, 23, 25, 21, 22, 12, 	2.668	6.121	0.409	0.795	7.911	21.561	4.031
7, 50, 54, 26, 9, 23, 25, 21, 22, 12, 14, 	1.608	6.121	0.263	0.795	7.911	32.094	2.432
7, 50, 54, 26, 9, 23, 25, 21, 22, 12, 14, 18, 	1.608	6.121	0.263	0.795	7.977	33.199	2.434
7, 50, 54, 26, 9, 23, 25, 21, 22, 12, 14, 18, 19, 	1.608	6.121	0.263	0.795	7.992	34.159	2.436
7, 50, 54, 26, 9, 23, 25, 21, 22, 12, 14, 18, 19, 20, 	1.608	6.121	0.263	0.795	7.992	34.993	2.436
7, 50, 54, 26, 9, 23, 25, 21, 22, 12, 14, 18, 19, 20, 15, 	1.608	6.121	0.263	0.795	7.992	35.718	2.437
7, 50, 54, 26, 9, 23, 25, 21, 22, 12, 14, 18, 19, 20, 15, 17, 	1.608	6.121	0.263	0.795	7.992	36.348	2.437
7, 50, 54, 26, 9, 23, 25, 21, 22, 12, 14, 18, 19, 20, 15, 17, 16, 	1.608	6.121	0.260	0.795	8.000	37.176	2.437
1.000	0.611	0.610	0.482	0.610	0.500	0.585	0.494	0.587	0.587	0.496	0.519	0.526	0.581	0.500	0.553	0.346	
0.611	1.000	0.733	0.698	0.687	0.486	0.795	0.474	0.675	0.706	0.415	0.578	0.689	0.714	0.679	0.620	0.539	
0.610	0.733	1.000	0.610	0.713	0.505	0.697	0.482	0.720	0.661	0.516	0.598	0.670	0.667	0.628	0.634	0.542	
0.482	0.698	0.610	1.000	0.529	0.436	0.746	0.430	0.530	0.610	0.263	0.506	0.603	0.661	0.566	0.526	0.428	
0.610	0.687	0.713	0.529	1.000	0.502	0.630	0.490	0.702	0.647	0.524	0.548	0.647	0.621	0.573	0.611	0.488	
0.500	0.486	0.505	0.436	0.502	1.000	0.458	0.598	0.512	0.422	0.398	0.442	0.450	0.516	0.397	0.529	0.260	
0.585	0.795	0.697	0.746	0.630	0.458	1.000	0.446	0.634	0.688	0.371	0.578	0.687	0.731	0.675	0.614	0.520	
0.494	0.474	0.482	0.430	0.490	0.598	0.446	1.000	0.473	0.409	0.374	0.396	0.443	0.502	0.405	0.494	0.267	
0.587	0.675	0.720	0.530	0.702	0.512	0.634	0.473	1.000	0.650	0.560	0.620	0.604	0.560	0.585	0.606	0.491	
0.587	0.706	0.661	0.610	0.647	0.422	0.688	0.409	0.650	1.000	0.493	0.523	0.609	0.642	0.562	0.567	0.446	
0.496	0.415	0.516	0.263	0.524	0.398	0.371	0.374	0.560	0.493	1.000	0.376	0.489	0.379	0.358	0.524	0.406	
0.519	0.578	0.598	0.506	0.548	0.442	0.578	0.396	0.620	0.523	0.376	1.000	0.461	0.511	0.500	0.487	0.416	
0.526	0.689	0.670	0.603	0.647	0.450	0.687	0.443	0.604	0.609	0.489	0.461	1.000	0.660	0.575	0.632	0.480	
0.581	0.714	0.667	0.661	0.621	0.516	0.731	0.502	0.560	0.642	0.379	0.511	0.660	1.000	0.608	0.621	0.516	
0.500	0.679	0.628	0.566	0.573	0.397	0.675	0.405	0.585	0.562	0.358	0.500	0.575	0.608	1.000	0.482	0.448	
0.553	0.620	0.634	0.526	0.611	0.529	0.614	0.494	0.606	0.567	0.524	0.487	0.632	0.621	0.482	1.000	0.463	
0.346	0.539	0.542	0.428	0.488	0.260	0.520	0.267	0.491	0.446	0.406	0.416	0.480	0.516	0.448	0.463	1.000	
Round 1024:
Group 1 Got Member: 4	8	21	28	38	52	
-0.000	-0.000	-0.000	-0.000	-0.000	-0.000	
4, 8, 	-0.000	0.000	999.000	0.000	-0.000	-0.000	-nan
4, 8, 21, 	-0.000	0.000	999.000	0.000	-0.000	0.000	-nan
4, 8, 21, 28, 	-0.000	0.000	999.000	0.000	-0.000	-0.000	-nan
4, 8, 21, 28, 38, 	-0.000	0.000	999.000	0.000	-0.000	0.000	-nan
4, 8, 21, 28, 38, 52, 	-0.000	0.000	999.000	0.000	-0.000	-0.000	-nan
-nan	-nan	-nan	-nan	-nan	-nan	
-nan	-nan	-nan	-nan	-nan	-nan	
-nan	-nan	-nan	-nan	-nan	-nan	
-nan	-nan	-nan	-nan	-nan	-nan	
-nan	-nan	-nan	-nan	-nan	-nan	
-nan	-nan	-nan	-nan	-nan	-nan	
Group 2 Got Member: 1	37	42	49	53	11	12	17	32	39	43	
4.097	4.098	4.198	4.097	4.097	4.135	4.272	4.141	4.142	4.102	4.140	
1, 37, 	4.097	4.098	0.719	0.719	5.249	5.249	5.248
1, 37, 42, 	4.097	4.198	0.719	0.810	5.885	6.134	5.336
1, 37, 42, 49, 	4.097	4.198	0.719	1.000	5.885	6.618	4.097
1, 37, 42, 49, 53, 	4.097	4.198	0.719	1.000	5.885	6.928	4.097
1, 37, 42, 49, 53, 11, 	4.097	4.198	0.604	1.000	6.621	8.797	4.097
1, 37, 42, 49, 53, 11, 12, 	4.097	4.272	0.604	1.000	6.983	9.233	4.097
1, 37, 42, 49, 53, 11, 12, 17, 	4.097	4.272	0.604	1.000	7.223	9.429	4.097
1, 37, 42, 49, 53, 11, 12, 17, 32, 	4.097	4.272	0.602	1.000	7.410	9.598	4.097
1, 37, 42, 49, 53, 11, 12, 17, 32, 39, 	4.097	4.272	0.602	1.000	7.494	9.695	4.097
1, 37, 42, 49, 53, 11, 12, 17, 32, 39, 43, 	4.097	4.272	0.602	1.000	7.636	9.762	4.097
1.000	0.719	0.810	1.000	1.000	0.604	0.671	0.672	0.604	0.683	0.632	
0.719	1.000	0.724	0.719	0.719	0.707	0.750	0.723	0.689	0.768	0.716	
0.810	0.724	1.000	0.810	0.810	0.605	0.686	0.662	0.622	0.682	0.632	
1.000	0.719	0.810	1.000	1.000	0.604	0.671	0.672	0.604	0.683	0.632	
1.000	0.719	0.810	1.000	1.000	0.604	0.671	0.672	0.604	0.683	0.632	
0.604	0.707	0.605	0.604	0.604	1.000	0.678	0.631	0.602	0.682	0.607	
0.671	0.750	0.686	0.671	0.671	0.678	1.000	0.690	0.664	0.750	0.685	
0.672	0.723	0.662	0.672	0.672	0.631	0.690	1.000	0.618	0.721	0.679	
0.604	0.689	0.622	0.604	0.604	0.602	0.664	0.618	1.000	0.687	0.603	
0.683	0.768	0.682	0.683	0.683	0.682	0.750	0.721	0.687	1.000	0.674	
0.632	0.716	0.632	0.632	0.632	0.607	0.685	0.679	0.603	0.674	1.000	
Group 3 Got Member: 10	14	48	3	35	2	
4.404	4.537	4.498	4.535	4.488	4.573	
10, 14, 	4.404	4.537	0.783	0.783	5.441	5.522	5.360
10, 14, 48, 	4.404	4.537	0.726	0.783	6.215	6.573	5.942
10, 14, 48, 3, 	4.404	4.537	0.674	0.783	6.729	7.647	6.296
10, 14, 48, 3, 35, 	4.404	4.537	0.673	0.783	7.025	8.098	6.511
10, 14, 48, 3, 35, 2, 	4.404	4.573	0.598	0.783	7.544	9.687	6.642
1.000	0.783	0.726	0.746	0.735	0.659	
0.783	1.000	0.728	0.724	0.751	0.656	
0.726	0.728	1.000	0.674	0.678	0.598	
0.746	0.724	0.674	1.000	0.673	0.602	
0.735	0.751	0.678	0.673	1.000	0.619	
0.659	0.656	0.598	0.602	0.619	1.000	
Group 4 Got Member: 31	41	6	15	33	47	50	
4.625	4.775	4.785	4.671	4.792	4.719	4.614	
31, 41, 	4.625	4.775	0.728	0.728	5.980	6.076	5.885
31, 41, 6, 	4.625	4.785	0.618	0.728	7.079	7.875	6.687
31, 41, 6, 15, 	4.625	4.785	0.618	0.728	7.433	8.747	7.197
31, 41, 6, 15, 33, 	4.625	4.792	0.618	0.728	7.712	9.365	7.522
31, 41, 6, 15, 33, 47, 	4.625	4.792	0.618	0.728	7.824	9.783	7.728
31, 41, 6, 15, 33, 47, 50, 	4.614	4.792	0.618	0.728	7.922	10.071	7.841
1.000	0.728	0.618	0.674	0.651	0.638	0.640	
0.728	1.000	0.660	0.689	0.681	0.686	0.653	
0.618	0.660	1.000	0.639	0.655	0.724	0.618	
0.674	0.689	0.639	1.000	0.679	0.665	0.674	
0.651	0.681	0.655	0.679	1.000	0.694	0.652	
0.638	0.686	0.724	0.665	0.694	1.000	0.648	
0.640	0.653	0.618	0.674	0.652	0.648	1.000	
Group 5 Got Member: 51	54	46	5	7	9	45	44	13	40	36	34	
4.867	5.363	4.075	4.968	5.027	5.116	0.794	4.168	0.449	4.143	3.581	3.849	
51, 54, 	4.867	5.363	0.704	0.704	6.628	6.949	6.307
51, 54, 46, 	4.075	5.363	0.613	0.704	7.164	8.877	6.062
51, 54, 46, 5, 	4.075	5.363	0.613	0.718	7.526	9.875	6.436
51, 54, 46, 5, 7, 	4.075	5.363	0.613	0.778	7.757	10.567	6.074
51, 54, 46, 5, 7, 9, 	4.075	5.363	0.613	0.798	7.843	11.047	5.972
51, 54, 46, 5, 7, 9, 45, 	0.794	5.363	0.062	0.798	7.843	33.273	1.176
51, 54, 46, 5, 7, 9, 45, 44, 	0.794	5.363	0.061	0.798	7.916	37.547	1.184
51, 54, 46, 5, 7, 9, 45, 44, 13, 	0.449	5.363	0.049	0.798	7.916	42.788	0.671
51, 54, 46, 5, 7, 9, 45, 44, 13, 40, 	0.449	5.363	0.049	0.798	7.953	46.962	0.673
51, 54, 46, 5, 7, 9, 45, 44, 13, 40, 36, 	0.449	5.363	0.049	0.798	7.961	51.032	0.674
51, 54, 46, 5, 7, 9, 45, 44, 13, 40, 36, 34, 	0.449	5.363	0.049	0.798	7.969	55.002	0.674
1.000	0.704	0.613	0.622	0.683	0.658	0.085	0.595	0.114	0.684	0.607	0.690	
0.704	1.000	0.677	0.718	0.778	0.798	0.097	0.653	0.126	0.663	0.709	0.762	
0.613	0.677	1.000	0.671	0.649	0.628	0.106	0.540	0.102	0.551	0.607	0.662	
0.622	0.718	0.671	1.000	0.667	0.656	0.156	0.581	0.109	0.573	0.635	0.672	
0.683	0.778	0.649	0.667	1.000	0.722	0.087	0.609	0.105	0.648	0.675	0.732	
0.658	0.798	0.628	0.656	0.722	1.000	0.062	0.624	0.100	0.605	0.651	0.682	
0.085	0.097	0.106	0.156	0.087	0.062	1.000	0.061	0.049	0.074	0.084	0.086	
0.595	0.653	0.540	0.581	0.609	0.624	0.061	1.000	0.076	0.553	0.556	0.618	
0.114	0.126	0.102	0.109	0.105	0.100	0.049	0.076	1.000	0.134	0.131	0.135	
0.684	0.663	0.551	0.573	0.648	0.605	0.074	0.553	0.134	1.000	0.581	0.647	
0.607	0.709	0.607	0.635	0.675	0.651	0.084	0.556	0.131	0.581	1.000	0.703	
0.690	0.762	0.662	0.672	0.732	0.682	0.086	0.618	0.135	0.647	0.703	1.000	
Group 6 Got Member: 18	29	19	16	27	30	23	20	26	22	25	24	
5.298	0.986	4.319	3.729	1.548	5.430	0.037	2.906	3.385	5.401	3.703	4.154	
18, 29, 	0.986	5.298	0.298	0.298	5.347	9.016	1.677
18, 29, 19, 	0.986	5.298	0.298	0.725	6.176	12.179	1.430
18, 29, 19, 16, 	0.986	5.298	0.297	0.725	6.761	14.892	1.540
18, 29, 19, 16, 27, 	0.986	5.298	0.248	0.725	6.984	18.517	1.610
18, 29, 19, 16, 27, 30, 	0.986	5.430	0.248	0.777	7.386	21.387	1.504
18, 29, 19, 16, 27, 30, 23, 	0.037	5.430	0.005	0.777	7.386	37.638	0.057
18, 29, 19, 16, 27, 30, 23, 20, 	0.037	5.430	0.005	0.777	7.450	42.958	0.057
18, 29, 19, 16, 27, 30, 23, 20, 26, 	0.037	5.430	0.005	0.777	7.712	48.265	0.058
18, 29, 19, 16, 27, 30, 23, 20, 26, 22, 	0.037	5.430	0.005	0.786	7.864	53.558	0.057
18, 29, 19, 16, 27, 30, 23, 20, 26, 22, 25, 	0.037	5.430	0.005	0.786	7.942	58.838	0.057
18, 29, 19, 16, 27, 30, 23, 20, 26, 22, 25, 24, 	0.037	5.430	0.005	0.786	7.977	64.104	0.057
1.000	0.298	0.725	0.610	0.321	0.777	0.009	0.594	0.497	0.776	0.495	0.630	
0.298	1.000	0.313	0.297	0.248	0.303	0.009	0.417	0.274	0.287	0.182	0.155	
0.725	0.313	1.000	0.518	0.307	0.677	0.012	0.491	0.411	0.642	0.374	0.506	
0.610	0.297	0.518	1.000	0.396	0.678	0.011	0.460	0.456	0.621	0.387	0.493	
0.321	0.248	0.307	0.396	1.000	0.318	0.026	0.292	0.311	0.293	0.213	0.220	
0.777	0.303	0.677	0.678	0.318	1.000	0.005	0.623	0.537	0.786	0.526	0.677	
0.009	0.009	0.012	0.011	0.026	0.005	1.000	0.010	0.008	0.011	0.010	0.005	
0.594	0.417	0.491	0.460	0.292	0.623	0.010	1.000	0.368	0.577	0.376	0.461	
0.497	0.274	0.411	0.456	0.311	0.537	0.008	0.368	1.000	0.513	0.273	0.385	
0.776	0.287	0.642	0.621	0.293	0.786	0.011	0.577	0.513	1.000	0.509	0.627	
0.495	0.182	0.374	0.387	0.213	0.526	0.010	0.376	0.273	0.509	1.000	0.392	
0.630	0.155	0.506	0.493	0.220	0.677	0.005	0.461	0.385	0.627	0.392	1.000	
Round 1280:
Group 1 Got Member: 46	49	54	36	17	37	
3.453	3.434	3.441	3.387	3.280	3.284	
46, 49, 	3.434	3.453	0.717	0.717	4.417	4.430	4.405
46, 49, 54, 	3.434	3.453	0.712	0.839	4.826	5.089	4.308
46, 49, 54, 36, 	3.387	3.453	0.613	0.839	5.697	6.357	4.433
46, 49, 54, 36, 17, 	3.280	3.453	0.536	0.839	6.075	7.716	4.396
46, 49, 54, 36, 17, 37, 	3.280	3.453	0.536	0.839	6.500	8.176	4.455
1.000	0.717	0.839	0.617	0.541	0.586	
0.717	1.000	0.712	0.620	0.583	0.603	
0.839	0.712	1.000	0.613	0.536	0.569	
0.617	0.620	0.613	1.000	0.671	0.636	
0.541	0.583	0.536	0.671	1.000	0.593	
0.586	0.603	0.569	0.636	0.593	1.000	
Group 2 Got Member: 3	10	14	11	12	2	4	5	
3.674	3.578	3.579	3.691	3.519	3.624	3.703	3.603	
3, 10, 	3.578	3.674	0.730	0.730	4.604	4.665	4.543
3, 10, 14, 	3.578	3.674	0.730	0.879	4.894	5.295	4.253
3, 10, 14, 11, 	3.578	3.691	0.633	0.879	5.814	6.602	4.389
3, 10, 14, 11, 12, 	3.519	3.691	0.627	0.879	6.178	7.111	4.392
3, 10, 14, 11, 12, 2, 	3.519	3.691	0.514	0.879	6.835	9.083	4.434
3, 10, 14, 11, 12, 2, 4, 	3.519	3.703	0.514	0.879	7.160	9.519	4.458
3, 10, 14, 11, 12, 2, 4, 5, 	3.519	3.703	0.514	0.879	7.421	9.821	4.471
1.000	0.730	0.734	0.633	0.753	0.599	0.671	0.695	
0.730	1.000	0.879	0.642	0.679	0.632	0.692	0.662	
0.734	0.879	1.000	0.641	0.671	0.671	0.707	0.658	
0.633	0.642	0.641	1.000	0.627	0.514	0.596	0.531	
0.753	0.679	0.671	0.627	1.000	0.562	0.597	0.665	
0.599	0.632	0.671	0.514	0.562	1.000	0.536	0.527	
0.671	0.692	0.707	0.596	0.597	0.536	1.000	0.613	
0.695	0.662	0.658	0.531	0.665	0.527	0.613	1.000	
Group 3 Got Member: 8	19	35	42	45	27	32	
4.492	4.347	4.377	4.427	4.305	4.480	4.430	
8, 19, 	4.347	4.492	0.732	0.732	5.603	5.695	5.510
8, 19, 35, 	4.347	4.492	0.732	0.796	5.963	6.458	5.770
8, 19, 35, 42, 	4.347	4.492	0.717	0.796	6.407	7.106	6.092
8, 19, 35, 42, 45, 	4.305	4.492	0.717	0.796	6.692	7.443	6.225
8, 19, 35, 42, 45, 27, 	4.305	4.492	0.646	0.796	7.096	8.722	6.341
8, 19, 35, 42, 45, 27, 32, 	4.305	4.492	0.646	0.796	7.395	8.949	6.411
1.000	0.732	0.787	0.763	0.789	0.686	0.685	
0.732	1.000	0.796	0.717	0.717	0.647	0.750	
0.787	0.796	1.000	0.737	0.770	0.696	0.741	
0.763	0.717	0.737	1.000	0.717	0.682	0.681	
0.789	0.717	0.770	0.717	1.000	0.646	0.656	
0.686	0.647	0.696	0.682	0.646	1.000	0.648	
0.685	0.750	0.741	0.681	0.656	0.648	1.000	
Group 4 Got Member: 50	51	52	48	53	47	9	7	44	6	43	39	13	40	1	41	
5.232	4.760	2.199	2.143	1.959	4.906	4.701	3.863	5.657	4.115	1.207	3.195	4.748	5.023	3.134	3.408	
50, 51, 	4.760	5.232	0.788	0.788	6.053	6.339	5.767
50, 51, 52, 	2.199	5.232	0.444	0.788	6.341	10.409	2.946
50, 51, 52, 48, 	2.143	5.232	0.179	0.788	7.066	17.004	3.037
50, 51, 52, 48, 53, 	1.959	5.232	0.129	0.788	7.122	21.784	2.869
50, 51, 52, 48, 53, 47, 	1.959	5.232	0.129	0.788	7.517	25.279	2.925
50, 51, 52, 48, 53, 47, 9, 	1.959	5.232	0.129	0.809	7.636	28.549	2.842
50, 51, 52, 48, 53, 47, 9, 7, 	1.959	5.232	0.129	0.809	7.699	31.608	2.858
50, 51, 52, 48, 53, 47, 9, 7, 44, 	1.959	5.657	0.129	0.825	7.817	37.265	2.779
50, 51, 52, 48, 53, 47, 9, 7, 44, 6, 	1.959	5.657	0.129	0.825	7.867	40.161	2.784
50, 51, 52, 48, 53, 47, 9, 7, 44, 6, 43, 	1.207	5.657	0.129	0.825	7.867	42.871	1.717
50, 51, 52, 48, 53, 47, 9, 7, 44, 6, 43, 39, 	1.207	5.657	0.129	0.825	7.906	45.406	1.718
50, 51, 52, 48, 53, 47, 9, 7, 44, 6, 43, 39, 13, 	1.207	5.657	0.129	0.825	7.938	47.778	1.719
50, 51, 52, 48, 53, 47, 9, 7, 44, 6, 43, 39, 13, 40, 	1.207	5.657	0.129	0.825	7.953	49.997	1.719
50, 51, 52, 48, 53, 47, 9, 7, 44, 6, 43, 39, 13, 40, 1, 	1.207	5.657	0.129	0.825	7.953	52.074	1.720
50, 51, 52, 48, 53, 47, 9, 7, 44, 6, 43, 39, 13, 40, 1, 41, 	1.207	5.657	0.129	0.825	7.953	54.017	1.720
1.000	0.788	0.444	0.305	0.440	0.766	0.796	0.724	0.823	0.703	0.323	0.567	0.767	0.767	0.563	0.617	
0.788	1.000	0.501	0.338	0.513	0.769	0.809	0.751	0.825	0.753	0.385	0.591	0.792	0.800	0.624	0.624	
0.444	0.501	1.000	0.179	0.129	0.421	0.484	0.502	0.480	0.408	0.486	0.421	0.454	0.458	0.355	0.385	
0.305	0.338	0.179	1.000	0.205	0.311	0.335	0.370	0.317	0.350	0.223	0.301	0.324	0.296	0.294	0.191	
0.440	0.513	0.129	0.205	1.000	0.452	0.517	0.505	0.481	0.487	0.303	0.448	0.490	0.500	0.492	0.356	
0.766	0.769	0.421	0.311	0.452	1.000	0.769	0.725	0.765	0.728	0.327	0.533	0.747	0.731	0.516	0.548	
0.796	0.809	0.484	0.335	0.517	0.769	1.000	0.784	0.814	0.746	0.392	0.599	0.785	0.772	0.591	0.586	
0.724	0.751	0.502	0.370	0.505	0.725	0.784	1.000	0.765	0.706	0.454	0.601	0.743	0.738	0.608	0.552	
0.823	0.825	0.480	0.317	0.481	0.765	0.814	0.765	1.000	0.697	0.344	0.583	0.800	0.808	0.610	0.614	
0.703	0.753	0.408	0.350	0.487	0.728	0.746	0.706	0.697	1.000	0.385	0.568	0.707	0.696	0.543	0.528	
0.323	0.385	0.486	0.223	0.303	0.327	0.392	0.454	0.344	0.385	1.000	0.530	0.356	0.376	0.333	0.329	
0.567	0.591	0.421	0.301	0.448	0.533	0.599	0.601	0.583	0.568	0.530	1.000	0.588	0.579	0.562	0.469	
0.767	0.792	0.454	0.324	0.490	0.747	0.785	0.743	0.800	0.707	0.356	0.588	1.000	0.736	0.573	0.595	
0.767	0.800	0.458	0.296	0.500	0.731	0.772	0.738	0.808	0.696	0.376	0.579	0.736	1.000	0.640	0.587	
0.563	0.624	0.355	0.294	0.492	0.516	0.591	0.608	0.610	0.543	0.333	0.562	0.573	0.640	1.000	0.435	
0.617	0.624	0.385	0.191	0.356	0.548	0.586	0.552	0.614	0.528	0.329	0.469	0.595	0.587	0.435	1.000	
Group 5 Got Member: 38	33	15	34	18	31	29	16	21	30	23	28	20	22	26	25	24	
5.975	4.867	4.560	3.726	4.158	2.987	5.917	4.524	5.682	4.207	2.448	5.159	3.982	1.832	5.051	4.613	3.157	
38, 33, 	4.867	5.975	0.737	0.737	6.847	7.547	6.148
38, 33, 15, 	4.560	5.975	0.737	0.773	7.123	8.539	6.231
38, 33, 15, 34, 	3.726	5.975	0.705	0.778	7.229	9.618	5.369
38, 33, 15, 34, 18, 	3.726	5.975	0.679	0.778	7.485	10.555	5.557
38, 33, 15, 34, 18, 31, 	2.987	5.975	0.518	0.778	7.588	14.604	4.547
38, 33, 15, 34, 18, 31, 29, 	2.987	5.975	0.518	0.836	7.751	15.246	4.115
38, 33, 15, 34, 18, 31, 29, 16, 	2.987	5.975	0.518	0.836	7.788	15.722	4.134
38, 33, 15, 34, 18, 31, 29, 16, 21, 	2.987	5.975	0.518	0.839	7.833	16.075	4.120
38, 33, 15, 34, 18, 31, 29, 16, 21, 30, 	2.987	5.975	0.518	0.839	7.841	16.336	4.126
38, 33, 15, 34, 18, 31, 29, 16, 21, 30, 23, 	2.448	5.975	0.400	0.839	7.849	21.967	3.384
38, 33, 15, 34, 18, 31, 29, 16, 21, 30, 23, 28, 	2.448	5.975	0.400	0.839	7.911	22.352	3.386
38, 33, 15, 34, 18, 31, 29, 16, 21, 30, 23, 28, 20, 	2.448	5.975	0.400	0.839	7.938	22.659	3.387
38, 33, 15, 34, 18, 31, 29, 16, 21, 30, 23, 28, 20, 22, 	1.832	5.975	0.170	0.839	7.945	45.982	2.536
38, 33, 15, 34, 18, 31, 29, 16, 21, 30, 23, 28, 20, 22, 26, 	1.832	5.975	0.170	0.850	7.977	47.549	2.479
38, 33, 15, 34, 18, 31, 29, 16, 21, 30, 23, 28, 20, 22, 26, 25, 	1.832	5.975	0.170	0.850	7.977	48.983	2.479
38, 33, 15, 34, 18, 31, 29, 16, 21, 30, 23, 28, 20, 22, 26, 25, 24, 	1.832	5.975	0.170	0.850	7.984	50.296	2.479
1.000	0.737	0.773	0.718	0.693	0.549	0.836	0.730	0.839	0.715	0.538	0.736	0.702	0.367	0.795	0.738	0.562	
0.737	1.000	0.747	0.705	0.679	0.518	0.731	0.701	0.771	0.695	0.541	0.699	0.682	0.327	0.759	0.692	0.538	
0.773	0.747	1.000	0.778	0.729	0.593	0.788	0.784	0.823	0.759	0.618	0.727	0.751	0.388	0.838	0.749	0.583	
0.718	0.705	0.778	1.000	0.735	0.538	0.704	0.720	0.737	0.771	0.624	0.646	0.711	0.373	0.757	0.709	0.559	
0.693	0.679	0.729	0.735	1.000	0.527	0.724	0.677	0.707	0.811	0.580	0.650	0.668	0.361	0.732	0.669	0.507	
0.549	0.518	0.593	0.538	0.527	1.000	0.609	0.522	0.586	0.559	0.400	0.459	0.477	0.211	0.585	0.532	0.384	
0.836	0.731	0.788	0.704	0.724	0.609	1.000	0.755	0.830	0.745	0.533	0.747	0.704	0.395	0.789	0.756	0.573	
0.730	0.701	0.784	0.720	0.677	0.522	0.755	1.000	0.767	0.707	0.593	0.663	0.711	0.292	0.763	0.702	0.535	
0.839	0.771	0.823	0.737	0.707	0.586	0.830	0.767	1.000	0.746	0.567	0.762	0.739	0.384	0.850	0.762	0.591	
0.715	0.695	0.759	0.771	0.811	0.559	0.745	0.707	0.746	1.000	0.612	0.650	0.687	0.365	0.751	0.694	0.549	
0.538	0.541	0.618	0.624	0.580	0.400	0.533	0.593	0.567	0.612	1.000	0.545	0.573	0.170	0.590	0.532	0.429	
0.736	0.699	0.727	0.646	0.650	0.459	0.747	0.663	0.762	0.650	0.545	1.000	0.634	0.328	0.744	0.703	0.491	
0.702	0.682	0.751	0.711	0.668	0.477	0.704	0.711	0.739	0.687	0.573	0.634	1.000	0.324	0.753	0.704	0.545	
0.367	0.327	0.388	0.373	0.361	0.211	0.395	0.292	0.384	0.365	0.170	0.328	0.324	1.000	0.404	0.388	0.185	
0.795	0.759	0.838	0.757	0.732	0.585	0.789	0.763	0.850	0.751	0.590	0.744	0.753	0.404	1.000	0.760	0.590	
0.738	0.692	0.749	0.709	0.669	0.532	0.756	0.702	0.762	0.694	0.532	0.703	0.704	0.388	0.760	1.000	0.531	
0.562	0.538	0.583	0.559	0.507	0.384	0.573	0.535	0.591	0.549	0.429	0.491	0.545	0.185	0.590	0.531	1.000	
Round 1536:
Group 1 Got Member: 3	5	33	36	9	6	51	
3.150	3.151	3.227	3.334	3.311	3.294	3.294	
3, 5, 	3.150	3.151	0.876	0.876	3.542	3.543	3.542
3, 5, 33, 	3.150	3.227	0.766	0.876	4.226	4.449	3.762
3, 5, 33, 36, 	3.150	3.334	0.751	0.876	4.722	5.005	3.885
3, 5, 33, 36, 9, 	3.150	3.334	0.621	0.876	5.423	6.488	3.955
3, 5, 33, 36, 9, 6, 	3.150	3.334	0.532	0.876	6.055	7.949	3.994
3, 5, 33, 36, 9, 6, 51, 	3.150	3.334	0.532	0.876	6.402	8.288	4.016
1.000	0.876	0.768	0.781	0.627	0.565	0.554	
0.876	1.000	0.766	0.778	0.621	0.560	0.549	
0.768	0.766	1.000	0.751	0.624	0.578	0.560	
0.781	0.778	0.751	1.000	0.627	0.532	0.532	
0.627	0.621	0.624	0.627	1.000	0.542	0.537	
0.565	0.560	0.578	0.532	0.542	1.000	0.819	
0.554	0.549	0.560	0.532	0.537	0.819	1.000	
Group 2 Got Member: 2	10	14	39	50	37	
3.673	3.487	3.508	3.611	3.622	3.502	
2, 10, 	3.487	3.673	0.728	0.728	4.554	4.673	4.436
2, 10, 14, 	3.487	3.673	0.720	0.873	4.876	5.358	4.179
2, 10, 14, 39, 	3.487	3.673	0.720	0.873	5.284	5.779	4.319
2, 10, 14, 39, 50, 	3.487	3.673	0.623	0.873	5.944	7.115	4.398
2, 10, 14, 39, 50, 37, 	3.487	3.673	0.521	0.873	6.734	8.941	4.443
1.000	0.728	0.720	0.765	0.666	0.592	
0.728	1.000	0.873	0.772	0.623	0.613	
0.720	0.873	1.000	0.772	0.636	0.613	
0.765	0.772	0.772	1.000	0.648	0.609	
0.666	0.623	0.636	0.648	1.000	0.521	
0.592	0.613	0.613	0.609	0.521	1.000	
Group 3 Got Member: 13	44	11	25	1	46	
4.047	4.157	4.215	4.031	4.095	4.223	
13, 44, 	4.047	4.157	0.711	0.711	5.286	5.357	5.215
13, 44, 11, 	4.047	4.215	0.671	0.711	6.155	6.519	5.967
13, 44, 11, 25, 	4.031	4.215	0.658	0.711	6.634	7.269	6.426
13, 44, 11, 25, 1, 	4.031	4.215	0.544	0.711	7.240	9.297	6.737
13, 44, 11, 25, 1, 46, 	4.031	4.223	0.504	0.711	7.665	10.594	6.938
1.000	0.711	0.671	0.670	0.545	0.597	
0.711	1.000	0.680	0.693	0.599	0.602	
0.671	0.680	1.000	0.658	0.544	0.560	
0.670	0.693	0.658	1.000	0.612	0.567	
0.545	0.599	0.544	0.612	1.000	0.504	
0.597	0.602	0.560	0.567	0.504	1.000	
Group 4 Got Member: 20	40	47	31	21	23	
4.408	4.256	4.352	4.278	4.397	4.259	
20, 40, 	4.256	4.408	0.803	0.803	5.184	5.275	5.094
20, 40, 47, 	4.256	4.408	0.726	0.808	5.835	6.381	5.558
20, 40, 47, 31, 	4.256	4.408	0.670	0.808	6.418	7.468	5.848
20, 40, 47, 31, 21, 	4.256	4.408	0.580	0.808	7.183	9.173	6.020
20, 40, 47, 31, 21, 23, 	4.256	4.408	0.516	0.808	7.712	10.819	6.123
1.000	0.803	0.808	0.708	0.688	0.601	
0.803	1.000	0.726	0.670	0.693	0.608	
0.808	0.726	1.000	0.725	0.669	0.591	
0.708	0.670	0.725	1.000	0.580	0.516	
0.688	0.693	0.669	0.580	1.000	0.543	
0.601	0.608	0.591	0.516	0.543	1.000	
Group 5 Got Member: 42	41	43	38	45	35	34	48	32	4	49	52	30	29	
4.946	5.355	5.096	4.343	4.949	3.740	3.783	2.998	4.677	-0.000	3.852	5.147	3.936	4.227	
42, 41, 	4.946	5.355	0.828	0.828	6.036	6.276	5.796
42, 41, 43, 	4.946	5.355	0.826	0.828	6.519	6.835	6.294
42, 41, 43, 38, 	4.343	5.355	0.541	0.828	7.380	10.915	5.783
42, 41, 43, 38, 45, 	4.343	5.355	0.499	0.828	7.639	12.704	5.933
42, 41, 43, 38, 45, 35, 	3.740	5.355	0.403	0.828	7.796	16.075	5.186
42, 41, 43, 38, 45, 35, 34, 	3.740	5.355	0.367	0.828	7.930	18.373	5.230
42, 41, 43, 38, 45, 35, 34, 48, 	2.998	5.355	0.367	0.828	7.945	19.380	4.213
